9,0,822,1461843752916
9,1,1579,1461843753673
9,2,2338,1461843754432
9,3,3097,1461843755191
9,4,3855,1461843755949
9,5,4611,1461843756705
9,6,5367,1461843757462
9,7,6124,1461843758218
9,8,6881,1461843758975
9,9,7639,1461843759733
9,10,8396,1461843760490
9,11,9152,1461843761247
9,12,9911,1461843762005
9,13,10668,1461843762762
9,14,11424,1461843763518
9,15,12180,1461843764274
9,16,12936,1461843765030
9,17,13693,1461843765787
9,18,14449,1461843766543
9,19,15205,1461843767299
9,20,15961,1461843768055
9,21,16720,1461843768814
9,22,17476,1461843769570
9,23,18233,1461843770327
9,24,18989,1461843771083
9,25,19746,1461843771840
9,26,20504,1461843772598
9,27,21262,1461843773356
9,28,22019,1461843774113
9,29,22778,1461843774872
9,30,23534,1461843775628
9,31,24291,1461843776385
9,32,25047,1461843777141
9,33,25804,1461843777898
9,34,26562,1461843778656
9,35,27318,1461843779412
9,36,28075,1461843780169
9,37,28832,1461843780926
9,38,29589,1461843781683
9,39,30348,1461843782442
9,40,31106,1461843783200
9,41,31862,1461843783956
9,42,32618,1461843784712
9,43,33375,1461843785469
9,44,34131,1461843786225
9,45,34888,1461843786982
9,46,35644,1461843787738
9,47,36400,1461843788494
9,48,37158,1461843789253
9,49,37916,1461843790010
9,50,38673,1461843790767
9,51,39431,1461843791525
9,52,40188,1461843792282
9,53,40944,1461843793038
9,54,41701,1461843793795
9,55,42457,1461843794551
9,56,43214,1461843795308
9,57,43973,1461843796067
9,58,44734,1461843796828
9,59,45534,1461843797628
9,60,46313,1461843798407
9,61,47110,1461843799204
9,62,47877,1461843799971
9,63,48635,1461843800729
9,64,49394,1461843801488
9,65,50154,1461843802248
9,66,50928,1461843803023
9,67,51700,1461843803794
9,68,52460,1461843804554
9,69,53227,1461843805321
9,70,54011,1461843806106
9,71,54777,1461843806871
9,72,55537,1461843807631
9,73,56295,1461843808389
9,74,57085,1461843809179
9,75,57854,1461843809948
9,76,58625,1461843810719
9,77,59407,1461843811501
9,78,60203,1461843812297
9,79,60986,1461843813081
9,80,61750,1461843813845
9,81,62536,1461843814630
9,82,63308,1461843815402
9,83,64109,1461843816203
9,84,64891,1461843816985
9,85,65663,1461843817757
9,86,66443,1461843818537
9,87,67238,1461843819332
9,88,67998,1461843820092
9,89,68758,1461843820852
9,90,69514,1461843821608
9,91,70271,1461843822365
9,92,71027,1461843823121
9,93,71783,1461843823877
9,94,72539,1461843824633
9,95,73295,1461843825389
9,96,74052,1461843826146
9,97,74808,1461843826902
9,98,75564,1461843827658
9,99,76321,1461843828415
9,100,77076,1461843829171
9,101,77834,1461843829928
9,102,78590,1461843830684
9,103,79349,1461843831443
9,104,80106,1461843832200
9,105,80862,1461843832956
9,106,81619,1461843833713
9,107,82375,1461843834469
9,108,83132,1461843835226
9,109,83888,1461843835982
9,110,84647,1461843836741
9,111,85403,1461843837497
9,112,86159,1461843838253
9,113,86915,1461843839009
9,114,87672,1461843839766
9,115,88429,1461843840524
9,116,89186,1461843841280
9,117,89942,1461843842036
9,118,90729,1461843842823
9,119,91507,1461843843601
9,120,92263,1461843844357
9,121,93020,1461843845114
9,122,93778,1461843845872
9,123,94535,1461843846629
9,124,95291,1461843847385
9,125,96050,1461843848144
9,126,96806,1461843848901
9,127,97563,1461843849657
9,128,98319,1461843850413
9,129,99076,1461843851170
9,130,99832,1461843851926
9,131,100590,1461843852684
9,132,101346,1461843853440
9,133,102106,1461843854201
9,134,102864,1461843854958
9,135,103619,1461843855714
9,136,104376,1461843856470
9,137,105132,1461843857226
9,138,105888,1461843857982
9,139,106644,1461843858738
9,140,107401,1461843859495
9,141,108158,1461843860252
9,142,108915,1461843861009
9,143,109672,1461843861766
9,144,110431,1461843862525
9,145,111187,1461843863281
9,146,111944,1461843864039
9,147,112702,1461843864796
9,148,113459,1461843865553
9,149,114215,1461843866309
9,150,114972,1461843867066
9,151,115728,1461843867822
9,152,116486,1461843868580
9,153,117243,1461843869337
9,154,117999,1461843870093
9,155,118756,1461843870850
9,156,119513,1461843871607
9,157,120270,1461843872364
9,158,121026,1461843873120
9,159,121784,1461843873878
9,160,122540,1461843874634
9,161,123297,1461843875391
9,162,124053,1461843876147
9,163,124809,1461843876904
9,164,125566,1461843877660
9,165,126322,1461843878416
9,166,127080,1461843879174
9,167,127838,1461843879932
9,168,128593,1461843880687
9,169,129350,1461843881444
9,170,130105,1461843882200
9,171,130862,1461843882956
9,172,131618,1461843883712
9,173,132377,1461843884471
9,174,133133,1461843885227
9,175,133890,1461843885984
9,176,134646,1461843886741
9,177,135406,1461843887500
9,178,136164,1461843888258
9,179,136920,1461843889014
9,180,137677,1461843889771
9,181,138433,1461843890527
9,182,139191,1461843891285
9,183,139946,1461843892041
9,184,140703,1461843892797
9,185,141459,1461843893553
9,186,142215,1461843894309
9,187,142973,1461843895067
9,188,143731,1461843895825
9,189,144489,1461843896583
9,190,145246,1461843897340
9,191,146002,1461843898097
9,192,146759,1461843898853
9,193,147515,1461843899610
9,194,148271,1461843900365
9,195,149030,1461843901125
9,196,149786,1461843901880
9,197,150543,1461843902637
9,198,151299,1461843903393
9,199,152057,1461843904151
9,200,152813,1461843904907
9,201,153569,1461843905664
9,202,154325,1461843906420
9,203,155082,1461843907176
9,204,155840,1461843907934
9,205,156598,1461843908692
9,206,157355,1461843909449
9,207,158111,1461843910205
9,208,158869,1461843910963
9,209,159626,1461843911720
9,210,160384,1461843912478
9,211,161140,1461843913234
9,212,161896,1461843913990
9,213,162653,1461843914747
9,214,163409,1461843915503
9,215,164167,1461843916261
9,216,164924,1461843917018
9,217,165680,1461843917774
9,218,166437,1461843918531
9,219,167193,1461843919287
9,220,167949,1461843920043
9,221,168705,1461843920799
9,222,169463,1461843921557
9,223,170219,1461843922313
9,224,170976,1461843923070
9,225,171731,1461843923825
9,226,172488,1461843924582
9,227,173244,1461843925338
9,228,174001,1461843926095
9,229,174757,1461843926851
9,230,175515,1461843927609
9,231,176271,1461843928365
9,232,177027,1461843929121
9,233,177783,1461843929878
9,234,178540,1461843930634
9,235,179296,1461843931390
9,236,180054,1461843932148
9,237,180810,1461843932904
9,238,181567,1461843933661
9,239,182323,1461843934417
9,240,183080,1461843935174
9,241,183835,1461843935929
9,242,184592,1461843936686
9,243,185348,1461843937442
9,244,186108,1461843938202
9,245,186865,1461843938959
9,246,187621,1461843939715
9,247,188377,1461843940471
9,248,189134,1461843941228
9,249,189891,1461843941985
9,250,190647,1461843942741
9,251,191404,1461843943498
9,252,192159,1461843944253
9,253,192916,1461843945010
9,254,193672,1461843945766
9,255,194430,1461843946524
9,256,195186,1461843947280
9,257,195942,1461843948036
9,258,196698,1461843948792
9,259,197455,1461843949549
9,260,198211,1461843950305
9,261,198968,1461843951062
9,262,199724,1461843951818
9,263,200480,1461843952575
9,264,201236,1461843953330
9,265,201993,1461843954087
9,266,202748,1461843954842
9,267,203507,1461843955601
9,268,204263,1461843956357
9,269,205020,1461843957114
9,270,205776,1461843957870
9,271,206533,1461843958627
9,272,207290,1461843959384
9,273,208047,1461843960141
9,274,208803,1461843960897
9,275,209560,1461843961654
9,276,210316,1461843962410
9,277,211073,1461843963167
9,278,211829,1461843963923
9,279,212585,1461843964679
9,280,213343,1461843965437
9,281,214100,1461843966195
9,282,214857,1461843966951
9,283,215613,1461843967707
9,284,216371,1461843968465
9,285,217127,1461843969221
9,286,217884,1461843969979
9,287,218640,1461843970734
9,288,219397,1461843971491
9,289,220153,1461843972247
9,290,220910,1461843973004
9,291,221666,1461843973760
9,292,222424,1461843974518
9,293,223181,1461843975275
9,294,223938,1461843976032
9,295,224694,1461843976788
9,296,225450,1461843977544
9,297,226210,1461843978304
9,298,226967,1461843979061
9,299,227723,1461843979817
9,300,228480,1461843980574
9,301,229236,1461843981330
9,302,229994,1461843982088
9,303,230751,1461843982845
9,304,231508,1461843983602
9,305,232264,1461843984358
9,306,233022,1461843985116
9,307,233778,1461843985872
9,308,234536,1461843986630
9,309,235292,1461843987386
9,310,236049,1461843988143
9,311,236807,1461843988901
9,312,237563,1461843989657
9,313,238320,1461843990414
9,314,239076,1461843991170
9,315,239834,1461843991928
9,316,240591,1461843992685
9,317,241348,1461843993442
9,318,242104,1461843994198
9,319,242861,1461843994955
9,320,243617,1461843995711
9,321,244373,1461843996467
9,322,245130,1461843997224
9,323,245886,1461843997980
9,324,246643,1461843998737
9,325,247399,1461843999493
9,326,248157,1461844000251
9,327,248913,1461844001008
9,328,249669,1461844001763
9,329,250426,1461844002521
9,330,251182,1461844003276
9,331,251939,1461844004033
9,332,252696,1461844004790
9,333,253452,1461844005546
9,334,254208,1461844006302
9,335,254965,1461844007059
9,336,255721,1461844007815
9,337,256478,1461844008572
9,338,257234,1461844009328
9,339,257991,1461844010085
9,340,258747,1461844010841
9,341,259504,1461844011598
9,342,260260,1461844012354
9,343,261017,1461844013111
9,344,261773,1461844013868
9,345,262531,1461844014625
9,346,263286,1461844015381
9,347,264043,1461844016137
9,348,264799,1461844016893
9,349,265555,1461844017649
9,350,266316,1461844018410
9,351,267073,1461844019167
9,352,267829,1461844019923
9,353,268586,1461844020680
9,354,269341,1461844021435
9,355,270098,1461844022192
9,356,270857,1461844022951
9,357,271613,1461844023707
9,358,272369,1461844024463
9,359,273125,1461844025219
9,360,273881,1461844025975
9,361,274638,1461844026732
9,362,275394,1461844027488
9,363,276153,1461844028247
9,364,276909,1461844029003
9,365,277665,1461844029760
9,366,278422,1461844030516
9,367,279179,1461844031273
9,368,279936,1461844032030
9,369,280692,1461844032786
9,370,281448,1461844033542
9,371,282206,1461844034300
9,372,282962,1461844035056
9,373,283719,1461844035813
9,374,284475,1461844036569
9,375,285231,1461844037325
9,376,285988,1461844038082
9,377,286745,1461844038839
9,378,287501,1461844039595
9,379,288257,1461844040352
9,380,289014,1461844041108
9,381,289771,1461844041865
9,382,290530,1461844042624
9,383,291287,1461844043381
9,384,292047,1461844044141
9,385,292873,1461844044967
9,386,293634,1461844045728
9,387,294408,1461844046502
9,388,295167,1461844047261
9,389,295923,1461844048017
9,390,296680,1461844048774
9,391,297437,1461844049531
9,392,298198,1461844050292
9,393,298954,1461844051048
9,394,299718,1461844051812
9,395,300488,1461844052582
9,396,301271,1461844053365
9,397,302049,1461844054143
9,398,302820,1461844054914
9,399,303581,1461844055675
9,400,304340,1461844056434
9,401,305097,1461844057192
9,402,305893,1461844057987
9,403,306647,1461844058741
9,404,307407,1461844059501
9,405,308165,1461844060259
9,406,308937,1461844061031
9,407,309701,1461844061795
9,408,310463,1461844062557
9,409,311251,1461844063345
9,410,312021,1461844064115
9,411,312796,1461844064890
9,412,313574,1461844065668
9,413,314332,1461844066426
9,414,315096,1461844067190
9,415,315858,1461844067952
9,416,316645,1461844068739
9,417,317441,1461844069536
9,418,318216,1461844070310
9,419,318972,1461844071067
9,420,319728,1461844071822
9,421,320485,1461844072579
9,422,321241,1461844073336
9,423,321999,1461844074093
9,424,322755,1461844074849
9,425,323512,1461844075606
9,426,324272,1461844076366
9,427,325029,1461844077123
9,428,325787,1461844077881
9,429,326545,1461844078639
9,430,327302,1461844079396
9,431,328060,1461844080154
9,432,328815,1461844080910
9,433,329572,1461844081666
9,434,330329,1461844082423
9,435,331086,1461844083180
9,436,331841,1461844083936
9,437,332598,1461844084692
9,438,333354,1461844085448
9,439,334110,1461844086204
9,440,334867,1461844086961
9,441,335623,1461844087717
9,442,336380,1461844088474
9,443,337136,1461844089230
9,444,337892,1461844089987
9,445,338649,1461844090743
9,446,339405,1461844091499
9,447,340161,1461844092255
9,448,340917,1461844093011
9,449,341673,1461844093767
9,450,342430,1461844094524
9,451,343186,1461844095280
9,452,343942,1461844096036
9,453,344698,1461844096792
9,454,345455,1461844097549
9,455,346211,1461844098305
9,456,346968,1461844099062
9,457,347724,1461844099818
9,458,348481,1461844100575
9,459,349237,1461844101331
9,460,349994,1461844102088
9,461,350751,1461844102845
9,462,351507,1461844103602
9,463,352264,1461844104358
9,464,353021,1461844105115
9,465,353777,1461844105871
9,466,354534,1461844106628
9,467,355292,1461844107386
9,468,356049,1461844108143
9,469,356805,1461844108899
9,470,357562,1461844109656
9,471,358319,1461844110413
9,472,359075,1461844111169
9,473,359832,1461844111926
9,474,360588,1461844112682
9,475,361344,1461844113438
9,476,362102,1461844114196
9,477,362858,1461844114952
9,478,363615,1461844115709
9,479,364374,1461844116468
9,480,365130,1461844117224
9,481,365888,1461844117982
9,482,366645,1461844118739
9,483,367402,1461844119496
9,484,368159,1461844120253
9,485,368914,1461844121008
9,486,369671,1461844121765
9,487,370427,1461844122521
9,488,371184,1461844123278
9,489,371940,1461844124034
9,490,372696,1461844124790
9,491,373452,1461844125546
9,492,374208,1461844126302
9,493,374965,1461844127059
9,494,375722,1461844127816
9,495,376478,1461844128572
9,496,377234,1461844129328
9,497,377991,1461844130085
9,498,378749,1461844130843
9,499,379506,1461844131600
9,500,380261,1461844132355
9,501,381019,1461844133113
9,502,381775,1461844133869
9,503,382532,1461844134626
9,504,383288,1461844135382
9,505,384044,1461844136138
9,506,384802,1461844136896
9,507,385558,1461844137653
9,508,386315,1461844138409
9,509,387071,1461844139165
9,510,387829,1461844139923
9,511,388585,1461844140679
9,512,389341,1461844141435
9,513,390100,1461844142194
9,514,390858,1461844142952
9,515,391616,1461844143710
9,516,392372,1461844144466
9,517,393129,1461844145223
9,518,393886,1461844145980
9,519,394644,1461844146738
9,520,395400,1461844147494
9,521,396156,1461844148250
9,522,396912,1461844149006
9,523,397668,1461844149762
9,524,398425,1461844150520
9,525,399184,1461844151278
9,526,399941,1461844152035
9,527,400697,1461844152791
9,528,401469,1461844153563
9,529,402259,1461844154353
9,530,403045,1461844155139
9,531,403807,1461844155901
9,532,404589,1461844156683
9,533,405371,1461844157465
