0,0,871,1461914989128
0,1,1669,1461914989925
0,2,2462,1461914990718
0,3,3251,1461914991508
0,4,4041,1461914992298
0,5,4826,1461914993082
0,6,5608,1461914993865
0,7,6388,1461914994645
0,8,7168,1461914995425
0,9,7944,1461914996201
0,10,8725,1461914996982
0,11,9502,1461914997758
0,12,10280,1461914998536
0,13,11058,1461914999314
0,14,11828,1461915000084
0,15,12599,1461915000856
0,16,13371,1461915001627
0,17,14138,1461915002394
0,18,14910,1461915003166
0,19,15680,1461915003937
0,20,16446,1461915004702
0,21,17216,1461915005472
0,22,17982,1461915006239
0,23,18748,1461915007005
0,24,19510,1461915007766
0,25,20268,1461915008525
0,26,21030,1461915009286
0,27,21791,1461915010048
0,28,22549,1461915010806
0,29,23310,1461915011567
0,30,24068,1461915012325
0,31,24828,1461915013085
0,32,25588,1461915013845
0,33,26347,1461915014604
0,34,27103,1461915015359
0,35,27863,1461915016120
0,36,28622,1461915016879
0,37,29377,1461915017633
0,38,30133,1461915018390
0,39,30886,1461915019143
0,40,31644,1461915019900
0,41,32400,1461915020657
0,42,33154,1461915021411
0,43,33910,1461915022166
0,44,34663,1461915022919
0,45,35421,1461915023677
0,46,36174,1461915024431
0,47,36924,1461915025180
0,48,37681,1461915025938
0,49,38437,1461915026693
0,50,39186,1461915027443
0,51,39939,1461915028196
0,52,40691,1461915028948
0,53,41441,1461915029698
0,54,42196,1461915030453
0,55,42947,1461915031204
0,56,43712,1461915031969
0,57,44463,1461915032720
0,58,45213,1461915033469
0,59,45962,1461915034219
0,60,46714,1461915034970
0,61,47463,1461915035720
0,62,48211,1461915036468
0,63,48963,1461915037219
0,64,49710,1461915037967
0,65,50459,1461915038716
0,66,51205,1461915039462
0,67,51957,1461915040214
0,68,52704,1461915040961
0,69,53453,1461915041710
0,70,54201,1461915042458
0,71,54948,1461915043205
0,72,55698,1461915043955
0,73,56448,1461915044705
0,74,57198,1461915045455
0,75,57945,1461915046202
0,76,58693,1461915046950
0,77,59442,1461915047698
0,78,60189,1461915048446
0,79,60935,1461915049191
0,80,61686,1461915049943
0,81,62435,1461915050691
0,82,63180,1461915051437
0,83,63927,1461915052184
0,84,64673,1461915052929
0,85,65419,1461915053676
0,86,66164,1461915054420
0,87,66913,1461915055169
0,88,67658,1461915055914
0,89,68406,1461915056663
0,90,69155,1461915057411
0,91,69903,1461915058160
0,92,70651,1461915058908
0,93,71400,1461915059656
0,94,72145,1461915060402
0,95,72895,1461915061151
0,96,73643,1461915061899
0,97,74393,1461915062650
0,98,75142,1461915063398
0,99,75888,1461915064144
0,100,76633,1461915064889
0,101,77377,1461915065633
0,102,78121,1461915066378
0,103,78866,1461915067123
0,104,79617,1461915067873
0,105,80360,1461915068617
0,106,81109,1461915069366
0,107,81853,1461915070110
0,108,82605,1461915070861
0,109,83347,1461915071603
0,110,84094,1461915072350
0,111,84838,1461915073095
0,112,85582,1461915073839
0,113,86328,1461915074585
0,114,87075,1461915075331
0,115,87816,1461915076073
0,116,88562,1461915076819
0,117,89305,1461915077562
0,118,90051,1461915078307
0,119,90796,1461915079053
0,120,91543,1461915079800
0,121,92286,1461915080542
0,122,93031,1461915081287
0,123,93778,1461915082035
0,124,94523,1461915082780
0,125,95265,1461915083522
0,126,96011,1461915084268
0,127,96754,1461915085010
0,128,97496,1461915085753
0,129,98241,1461915086497
0,130,98987,1461915087244
0,131,99730,1461915087986
0,132,100473,1461915088730
0,133,101216,1461915089472
0,134,101964,1461915090220
0,135,102708,1461915090965
0,136,103451,1461915091708
0,137,104194,1461915092451
0,138,104936,1461915093193
0,139,105682,1461915093938
0,140,106426,1461915094682
0,141,107172,1461915095428
0,142,107914,1461915096170
0,143,108659,1461915096915
0,144,109406,1461915097663
0,145,110151,1461915098408
0,146,110897,1461915099154
0,147,111643,1461915099899
0,148,112387,1461915100644
0,149,113130,1461915101387
0,150,113875,1461915102132
0,151,114621,1461915102877
0,152,115364,1461915103621
0,153,116106,1461915104363
0,154,116847,1461915105103
0,155,117592,1461915105849
0,156,118337,1461915106594
0,157,119079,1461915107336
0,158,119823,1461915108080
0,159,120569,1461915108826
0,160,121311,1461915109568
0,161,122056,1461915110313
0,162,122800,1461915111057
0,163,123545,1461915111802
0,164,124292,1461915112549
0,165,125036,1461915113293
0,166,125781,1461915114038
0,167,126525,1461915114781
0,168,127268,1461915115525
0,169,128011,1461915116267
0,170,128752,1461915117008
0,171,129493,1461915117749
0,172,130236,1461915118493
0,173,130979,1461915119236
0,174,131722,1461915119978
0,175,132467,1461915120724
0,176,133208,1461915121464
0,177,133952,1461915122208
0,178,134694,1461915122950
0,179,135434,1461915123691
0,180,136174,1461915124431
0,181,136913,1461915125169
0,182,137654,1461915125911
0,183,138395,1461915126652
0,184,139139,1461915127395
0,185,139882,1461915128139
0,186,140624,1461915128881
0,187,141366,1461915129623
0,188,142106,1461915130362
0,189,142848,1461915131105
0,190,143588,1461915131844
0,191,144330,1461915132586
0,192,145074,1461915133330
0,193,145815,1461915134072
0,194,146554,1461915134811
0,195,147296,1461915135553
0,196,148036,1461915136293
0,197,148776,1461915137033
0,198,149517,1461915137774
0,199,150260,1461915138516
0,200,151002,1461915139259
0,201,151745,1461915140001
0,202,152487,1461915140743
0,203,153229,1461915141485
0,204,153970,1461915142226
0,205,154712,1461915142968
0,206,155454,1461915143710
0,207,156193,1461915144450
0,208,156934,1461915145191
0,209,157675,1461915145931
0,210,158419,1461915146676
0,211,159162,1461915147418
0,212,159903,1461915148160
0,213,160644,1461915148900
0,214,161385,1461915149642
0,215,162127,1461915150384
0,216,162869,1461915151126
0,217,163612,1461915151869
0,218,164354,1461915152611
0,219,165095,1461915153352
0,220,165839,1461915154096
0,221,166582,1461915154839
0,222,167327,1461915155584
0,223,168069,1461915156326
0,224,168810,1461915157067
0,225,169548,1461915157805
0,226,170291,1461915158547
0,227,171031,1461915159288
0,228,171771,1461915160027
0,229,172512,1461915160769
0,230,173250,1461915161507
0,231,173993,1461915162250
0,232,174731,1461915162988
0,233,175475,1461915163732
0,234,176214,1461915164470
0,235,176953,1461915165210
0,236,177695,1461915165951
0,237,178440,1461915166697
0,238,179179,1461915167436
0,239,179920,1461915168177
0,240,180662,1461915168918
0,241,181404,1461915169660
0,242,182146,1461915170403
0,243,182886,1461915171142
0,244,183628,1461915171885
0,245,184372,1461915172629
0,246,185113,1461915173369
0,247,185853,1461915174110
0,248,186596,1461915174852
0,249,187337,1461915175593
0,250,188079,1461915176335
0,251,188823,1461915177079
0,252,189563,1461915177819
0,253,190303,1461915178559
0,254,191043,1461915179299
0,255,191784,1461915180041
0,256,192524,1461915180781
0,257,193263,1461915181519
0,258,194003,1461915182260
0,259,194741,1461915182998
0,260,195482,1461915183739
0,261,196221,1461915184478
0,262,196965,1461915185222
0,263,197706,1461915185962
0,264,198447,1461915186703
0,265,199184,1461915187441
0,266,199924,1461915188181
0,267,200666,1461915188923
0,268,201409,1461915189665
0,269,202147,1461915190403
0,270,202891,1461915191148
0,271,203632,1461915191888
0,272,204372,1461915192628
0,273,205112,1461915193368
0,274,205851,1461915194108
0,275,206591,1461915194848
0,276,207328,1461915195584
0,277,208067,1461915196323
0,278,208804,1461915197060
0,279,209547,1461915197803
0,280,210287,1461915198544
0,281,211027,1461915199284
0,282,211766,1461915200023
0,283,212508,1461915200765
0,284,213245,1461915201502
0,285,213987,1461915202244
0,286,214726,1461915202983
0,287,215468,1461915203725
0,288,216209,1461915204466
0,289,216947,1461915205204
0,290,217687,1461915205944
0,291,218427,1461915206684
0,292,219167,1461915207424
0,293,219907,1461915208164
0,294,220646,1461915208903
0,295,221386,1461915209642
0,296,222127,1461915210384
0,297,222866,1461915211123
0,298,223608,1461915211865
0,299,224348,1461915212605
0,300,225092,1461915213349
0,301,225829,1461915214086
0,302,226567,1461915214823
0,303,227304,1461915215560
0,304,228045,1461915216301
0,305,228785,1461915217041
0,306,229525,1461915217781
0,307,230269,1461915218525
0,308,231006,1461915219262
0,309,231746,1461915220003
0,310,232485,1461915220741
0,311,233223,1461915221480
0,312,233963,1461915222220
0,313,234703,1461915222959
0,314,235443,1461915223700
0,315,236182,1461915224439
0,316,236921,1461915225177
0,317,237660,1461915225917
0,318,238400,1461915226657
0,319,239140,1461915227397
0,320,239880,1461915228136
0,321,240618,1461915228875
0,322,241360,1461915229617
0,323,242099,1461915230356
0,324,242839,1461915231095
0,325,243578,1461915231834
0,326,244317,1461915232574
0,327,245057,1461915233313
0,328,245796,1461915234053
0,329,246539,1461915234796
0,330,247279,1461915235535
0,331,248016,1461915236273
0,332,248755,1461915237011
0,333,249496,1461915237752
0,334,250236,1461915238493
0,335,250977,1461915239233
0,336,251716,1461915239973
0,337,252456,1461915240713
0,338,253196,1461915241453
0,339,253936,1461915242193
0,340,254675,1461915242932
0,341,255412,1461915243669
0,342,256151,1461915244408
0,343,256891,1461915245147
0,344,257630,1461915245887
0,345,258368,1461915246625
0,346,259106,1461915247363
0,347,259842,1461915248099
0,348,260581,1461915248837
0,349,261317,1461915249574
0,350,262057,1461915250313
0,351,262795,1461915251052
0,352,263533,1461915251789
0,353,264268,1461915252525
0,354,265007,1461915253264
0,355,265747,1461915254003
0,356,266483,1461915254740
0,357,267223,1461915255479
0,358,267958,1461915256215
0,359,268695,1461915256951
0,360,269432,1461915257689
0,361,270171,1461915258428
0,362,270910,1461915259166
0,363,271649,1461915259906
0,364,272387,1461915260644
0,365,273127,1461915261384
0,366,273863,1461915262120
0,367,274602,1461915262859
0,368,275339,1461915263595
0,369,276077,1461915264334
0,370,276816,1461915265072
0,371,277555,1461915265812
0,372,278293,1461915266550
0,373,279033,1461915267290
0,374,279771,1461915268027
0,375,280509,1461915268765
0,376,281249,1461915269506
0,377,281988,1461915270244
0,378,282727,1461915270983
0,379,283469,1461915271725
0,380,284206,1461915272463
0,381,284945,1461915273202
0,382,285684,1461915273941
0,383,286423,1461915274679
0,384,287163,1461915275419
0,385,287901,1461915276158
0,386,288641,1461915276898
0,387,289382,1461915277638
0,388,290120,1461915278376
0,389,290858,1461915279115
0,390,291596,1461915279853
0,391,292334,1461915280591
0,392,293073,1461915281329
0,393,293811,1461915282067
0,394,294549,1461915282806
0,395,295287,1461915283544
0,396,296028,1461915284284
0,397,296763,1461915285020
0,398,297501,1461915285758
0,399,298242,1461915286499
0,400,298980,1461915287237
0,401,299720,1461915287976
0,402,300458,1461915288714
0,403,301197,1461915289453
0,404,301936,1461915290193
0,405,302676,1461915290932
0,406,303415,1461915291672
0,407,304156,1461915292412
0,408,304897,1461915293153
0,409,305635,1461915293892
0,410,306374,1461915294630
0,411,307111,1461915295367
0,412,307846,1461915296103
0,413,308583,1461915296839
0,414,309321,1461915297577
0,415,310059,1461915298316
0,416,310798,1461915299054
0,417,311536,1461915299792
0,418,312274,1461915300531
0,419,313014,1461915301271
0,420,313756,1461915302012
0,421,314494,1461915302751
0,422,315234,1461915303491
0,423,315971,1461915304228
0,424,316709,1461915304965
0,425,317446,1461915305703
0,426,318184,1461915306441
0,427,318924,1461915307181
0,428,319663,1461915307920
0,429,320402,1461915308658
0,430,321140,1461915309396
0,431,321879,1461915310135
0,432,322617,1461915310874
0,433,323357,1461915311613
0,434,324094,1461915312351
0,435,324832,1461915313088
0,436,325569,1461915313826
0,437,326305,1461915314562
0,438,327043,1461915315299
0,439,327782,1461915316039
0,440,328518,1461915316775
0,441,329257,1461915317514
0,442,329995,1461915318252
0,443,330733,1461915318989
0,444,331472,1461915319728
0,445,332209,1461915320465
0,446,332947,1461915321203
0,447,333683,1461915321940
0,448,334419,1461915322676
0,449,335157,1461915323414
0,450,335893,1461915324150
0,451,336629,1461915324885
0,452,337366,1461915325623
0,453,338103,1461915326360
0,454,338842,1461915327099
0,455,339578,1461915327835
0,456,340317,1461915328574
0,457,341052,1461915329309
0,458,341789,1461915330046
0,459,342526,1461915330783
0,460,343264,1461915331521
0,461,344003,1461915332259
0,462,344741,1461915332997
0,463,345477,1461915333734
0,464,346216,1461915334472
0,465,346954,1461915335211
0,466,347691,1461915335947
0,467,348432,1461915336688
0,468,349170,1461915337426
0,469,349908,1461915338164
0,470,350646,1461915338903
0,471,351384,1461915339641
0,472,352121,1461915340377
0,473,352858,1461915341115
0,474,353595,1461915341852
0,475,354330,1461915342587
0,476,355070,1461915343326
0,477,355808,1461915344065
0,478,356545,1461915344802
0,479,357284,1461915345540
0,480,358023,1461915346280
0,481,358760,1461915347017
0,482,359496,1461915347752
0,483,360232,1461915348488
0,484,360968,1461915349225
0,485,361705,1461915349962
0,486,362442,1461915350698
0,487,363179,1461915351436
0,488,363915,1461915352172
0,489,364653,1461915352910
0,490,365390,1461915353647
0,491,366128,1461915354385
0,492,366867,1461915355123
0,493,367604,1461915355861
0,494,368339,1461915356596
0,495,369078,1461915357334
0,496,369814,1461915358071
0,497,370553,1461915358809
0,498,371290,1461915359546
0,499,372031,1461915360287
0,500,372767,1461915361024
0,501,373505,1461915361762
0,502,374243,1461915362499
0,503,374981,1461915363238
0,504,375718,1461915363975
0,505,376456,1461915364713
0,506,377193,1461915365450
0,507,377930,1461915366187
0,508,378668,1461915366925
0,509,379405,1461915367662
0,510,380144,1461915368400
0,511,380881,1461915369138
0,512,381618,1461915369875
0,513,382358,1461915370614
0,514,383095,1461915371351
0,515,383834,1461915372090
0,516,384571,1461915372827
0,517,385308,1461915373565
0,518,386047,1461915374303
0,519,386783,1461915375040
0,520,387520,1461915375777
0,521,388260,1461915376517
0,522,388997,1461915377254
0,523,389735,1461915377992
0,524,390474,1461915378730
0,525,391211,1461915379468
0,526,391949,1461915380206
0,527,392686,1461915380943
0,528,393423,1461915381679
0,529,394160,1461915382417
0,530,394898,1461915383155
0,531,395635,1461915383891
0,532,396373,1461915384629
0,533,397111,1461915385367
0,534,397848,1461915386104
0,535,398584,1461915386841
0,536,399322,1461915387579
0,537,400059,1461915388316
0,538,400797,1461915389053
0,539,401534,1461915389790
0,540,402276,1461915390532
0,541,403013,1461915391269
0,542,403750,1461915392007
0,543,404487,1461915392744
0,544,405227,1461915393483
0,545,405963,1461915394220
0,546,406699,1461915394956
0,547,407438,1461915395695
0,548,408179,1461915396436
0,549,408916,1461915397172
0,550,409653,1461915397910
0,551,410390,1461915398646
0,552,411127,1461915399384
0,553,411867,1461915400123
0,554,412606,1461915400862
0,555,413342,1461915401599
0,556,414079,1461915402336
0,557,414818,1461915403074
0,558,415555,1461915403811
0,559,416293,1461915404549
0,560,417029,1461915405285
0,561,417764,1461915406020
0,562,418501,1461915406757
0,563,419238,1461915407494
0,564,419973,1461915408230
0,565,420710,1461915408967
0,566,421448,1461915409704
0,567,422184,1461915410441
0,568,422921,1461915411177
0,569,423656,1461915411913
0,570,424394,1461915412651
0,571,425131,1461915413387
0,572,425866,1461915414123
0,573,426604,1461915414861
0,574,427340,1461915415596
0,575,428076,1461915416332
0,576,428813,1461915417070
0,577,429550,1461915417807
0,578,430287,1461915418544
0,579,431024,1461915419281
0,580,431760,1461915420017
0,581,432497,1461915420754
0,582,433234,1461915421491
0,583,433971,1461915422228
0,584,434708,1461915422965
0,585,435446,1461915423702
0,586,436183,1461915424440
0,587,436921,1461915425177
0,588,437658,1461915425914
0,589,438395,1461915426652
0,590,439130,1461915427387
0,591,439870,1461915428126
0,592,440607,1461915428863
0,593,441343,1461915429600
0,594,442080,1461915430337
0,595,442817,1461915431074
0,596,443554,1461915431810
0,597,444290,1461915432547
0,598,445027,1461915433284
0,599,445766,1461915434023
0,600,446503,1461915434759
0,601,447240,1461915435497
0,602,447978,1461915436235
0,603,448715,1461915436971
0,604,449452,1461915437709
0,605,450194,1461915438451
0,606,450949,1461915439206
0,607,451702,1461915439958
0,608,452443,1461915440700
