9,0,834,1461843193977
9,1,1610,1461843194753
9,2,2384,1461843195527
9,3,3155,1461843196298
9,4,3924,1461843197067
9,5,4675,1461843197818
9,6,5423,1461843198567
9,7,6170,1461843199313
9,8,6916,1461843200060
9,9,7672,1461843200815
9,10,8422,1461843201565
9,11,9176,1461843202319
9,12,9930,1461843203073
9,13,10675,1461843203818
9,14,11423,1461843204566
9,15,12180,1461843205323
9,16,12926,1461843206070
9,17,13684,1461843206827
9,18,14442,1461843207586
9,19,15191,1461843208334
9,20,15937,1461843209080
9,21,16687,1461843209831
9,22,17433,1461843210577
9,23,18184,1461843211327
9,24,18934,1461843212077
9,25,19681,1461843212824
9,26,20426,1461843213569
9,27,21171,1461843214314
9,28,21916,1461843215059
9,29,22661,1461843215804
9,30,23406,1461843216549
9,31,24151,1461843217295
9,32,24896,1461843218040
9,33,25645,1461843218789
9,34,26397,1461843219540
9,35,27147,1461843220290
9,36,27898,1461843221041
9,37,28642,1461843221786
9,38,29388,1461843222531
9,39,30134,1461843223277
9,40,30886,1461843224029
9,41,31630,1461843224774
9,42,32375,1461843225519
9,43,33121,1461843226264
9,44,33866,1461843227009
9,45,34610,1461843227754
9,46,35355,1461843228499
9,47,36100,1461843229244
9,48,36845,1461843229988
9,49,37590,1461843230733
9,50,38335,1461843231478
9,51,39080,1461843232223
9,52,39825,1461843232968
9,53,40570,1461843233713
9,54,41314,1461843234458
9,55,42059,1461843235203
9,56,42806,1461843235949
9,57,43551,1461843236694
9,58,44296,1461843237439
9,59,45040,1461843238184
9,60,45790,1461843238933
9,61,46536,1461843239679
9,62,47281,1461843240424
9,63,48026,1461843241169
9,64,48771,1461843241915
9,65,49516,1461843242659
9,66,50263,1461843243406
9,67,51008,1461843244151
9,68,51752,1461843244896
9,69,52497,1461843245641
9,70,53242,1461843246386
9,71,53987,1461843247130
9,72,54731,1461843247875
9,73,55476,1461843248620
9,74,56224,1461843249367
9,75,56972,1461843250115
9,76,57717,1461843250860
9,77,58464,1461843251607
9,78,59209,1461843252352
9,79,59953,1461843253097
9,80,60698,1461843253842
9,81,61443,1461843254586
9,82,62188,1461843255331
9,83,62934,1461843256078
9,84,63681,1461843256825
9,85,64431,1461843257574
9,86,65176,1461843258319
9,87,65921,1461843259064
9,88,66665,1461843259809
9,89,67410,1461843260553
9,90,68155,1461843261298
9,91,68899,1461843262043
9,92,69644,1461843262787
9,93,70389,1461843263532
9,94,71134,1461843264277
9,95,71878,1461843265022
9,96,72623,1461843265766
9,97,73368,1461843266511
9,98,74113,1461843267256
9,99,74857,1461843268001
9,100,75602,1461843268746
9,101,76347,1461843269490
9,102,77092,1461843270235
9,103,77837,1461843270980
9,104,78582,1461843271725
9,105,79327,1461843272470
9,106,80071,1461843273215
9,107,80816,1461843273959
9,108,81561,1461843274705
9,109,82308,1461843275451
9,110,83052,1461843276196
9,111,83797,1461843276941
9,112,84542,1461843277685
9,113,85287,1461843278430
9,114,86040,1461843279183
9,115,86793,1461843279936
9,116,87547,1461843280690
9,117,88297,1461843281441
9,118,89042,1461843282185
9,119,89787,1461843282930
9,120,90531,1461843283675
9,121,91276,1461843284419
9,122,92021,1461843285164
9,123,92765,1461843285908
9,124,93510,1461843286653
9,125,94254,1461843287397
9,126,94999,1461843288142
9,127,95743,1461843288887
9,128,96488,1461843289631
9,129,97233,1461843290376
9,130,97977,1461843291121
9,131,98722,1461843291865
9,132,99466,1461843292610
9,133,100211,1461843293354
9,134,100956,1461843294099
9,135,101701,1461843294844
9,136,102445,1461843295588
9,137,103190,1461843296333
9,138,103935,1461843297078
9,139,104679,1461843297823
9,140,105424,1461843298567
9,141,106168,1461843299312
9,142,106913,1461843300056
9,143,107658,1461843300801
9,144,108403,1461843301546
9,145,109148,1461843302291
9,146,109893,1461843303036
9,147,110637,1461843303781
9,148,111382,1461843304526
9,149,112132,1461843305275
9,150,112877,1461843306020
9,151,113621,1461843306765
9,152,114366,1461843307509
9,153,115111,1461843308254
9,154,115855,1461843308999
9,155,116600,1461843309743
9,156,117344,1461843310488
9,157,118089,1461843311232
9,158,118834,1461843311977
9,159,119578,1461843312722
9,160,120323,1461843313467
9,161,121068,1461843314211
9,162,121813,1461843314956
9,163,122558,1461843315701
9,164,123302,1461843316446
9,165,124047,1461843317190
9,166,124792,1461843317935
9,167,125536,1461843318680
9,168,126281,1461843319424
9,169,127026,1461843320169
9,170,127770,1461843320913
9,171,128515,1461843321658
9,172,129260,1461843322403
9,173,130004,1461843323147
9,174,130749,1461843323892
9,175,131493,1461843324637
9,176,132238,1461843325381
9,177,132983,1461843326126
9,178,133727,1461843326871
9,179,134472,1461843327615
9,180,135216,1461843328360
9,181,135961,1461843329105
9,182,136706,1461843329849
9,183,137450,1461843330594
9,184,138195,1461843331339
9,185,138940,1461843332083
9,186,139684,1461843332828
9,187,140431,1461843333574
9,188,141176,1461843334320
9,189,141922,1461843335065
9,190,142669,1461843335812
9,191,143414,1461843336557
9,192,144158,1461843337301
9,193,144903,1461843338046
9,194,145647,1461843338791
9,195,146392,1461843339535
9,196,147136,1461843340280
9,197,147881,1461843341025
9,198,148626,1461843341769
9,199,149370,1461843342514
9,200,150115,1461843343258
9,201,150860,1461843344003
9,202,151604,1461843344748
9,203,152349,1461843345492
9,204,153093,1461843346237
9,205,153838,1461843346981
9,206,154583,1461843347726
9,207,155327,1461843348471
9,208,156072,1461843349215
9,209,156817,1461843349960
9,210,157561,1461843350704
9,211,158306,1461843351449
9,212,159050,1461843352194
9,213,159795,1461843352938
9,214,160540,1461843353683
9,215,161284,1461843354428
9,216,162029,1461843355172
9,217,162774,1461843355917
9,218,163518,1461843356662
9,219,164263,1461843357406
9,220,165008,1461843358151
9,221,165752,1461843358896
9,222,166497,1461843359640
9,223,167242,1461843360385
9,224,167986,1461843361130
9,225,168731,1461843361874
9,226,169476,1461843362619
9,227,170220,1461843363364
9,228,170965,1461843364108
9,229,171709,1461843364853
9,230,172454,1461843365597
9,231,173203,1461843366346
9,232,173947,1461843367091
9,233,174692,1461843367835
9,234,175437,1461843368580
9,235,176181,1461843369325
9,236,176926,1461843370069
9,237,177671,1461843370814
9,238,178415,1461843371559
9,239,179160,1461843372303
9,240,179904,1461843373048
9,241,180649,1461843373792
9,242,181394,1461843374537
9,243,182138,1461843375282
9,244,182883,1461843376026
9,245,183628,1461843376771
9,246,184372,1461843377515
9,247,185117,1461843378260
9,248,185861,1461843379004
9,249,186606,1461843379749
9,250,187350,1461843380494
9,251,188095,1461843381238
9,252,188839,1461843381983
9,253,189584,1461843382727
9,254,190329,1461843383472
9,255,191073,1461843384217
9,256,191818,1461843384961
9,257,192562,1461843385706
9,258,193307,1461843386450
9,259,194051,1461843387195
9,260,194796,1461843387939
9,261,195540,1461843388684
9,262,196285,1461843389428
9,263,197029,1461843390173
9,264,197774,1461843390917
9,265,198518,1461843391662
9,266,199263,1461843392406
9,267,200008,1461843393151
9,268,200752,1461843393896
9,269,201497,1461843394640
9,270,202242,1461843395385
9,271,202986,1461843396129
9,272,203731,1461843396874
9,273,204475,1461843397619
9,274,205220,1461843398363
9,275,205964,1461843399108
9,276,206713,1461843399857
9,277,207458,1461843400601
9,278,208203,1461843401346
9,279,208949,1461843402093
9,280,209694,1461843402838
9,281,210439,1461843403582
9,282,211183,1461843404327
9,283,211928,1461843405071
9,284,212673,1461843405816
9,285,213417,1461843406561
9,286,214162,1461843407305
9,287,214907,1461843408050
9,288,215651,1461843408794
9,289,216396,1461843409539
9,290,217141,1461843410284
9,291,217885,1461843411029
9,292,218630,1461843411773
9,293,219375,1461843412518
9,294,220119,1461843413262
9,295,220864,1461843414007
9,296,221608,1461843414751
9,297,222353,1461843415496
9,298,223097,1461843416241
9,299,223842,1461843416985
9,300,224586,1461843417730
9,301,225331,1461843418474
9,302,226076,1461843419219
9,303,226820,1461843419964
9,304,227565,1461843420708
9,305,228309,1461843421453
9,306,229054,1461843422197
9,307,229799,1461843422942
9,308,230543,1461843423686
9,309,231288,1461843424431
9,310,232032,1461843425175
9,311,232777,1461843425920
9,312,233521,1461843426665
9,313,234267,1461843427410
9,314,235011,1461843428154
9,315,235757,1461843428900
9,316,236502,1461843429645
9,317,237246,1461843430389
9,318,237991,1461843431134
9,319,238735,1461843431879
9,320,239480,1461843432623
9,321,240224,1461843433367
9,322,240969,1461843434112
9,323,241713,1461843434856
9,324,242458,1461843435601
9,325,243202,1461843436346
9,326,243947,1461843437090
9,327,244691,1461843437835
9,328,245436,1461843438579
9,329,246181,1461843439324
9,330,246925,1461843440069
9,331,247671,1461843440814
9,332,248415,1461843441559
9,333,249160,1461843442303
9,334,249905,1461843443048
9,335,250649,1461843443793
9,336,251394,1461843444537
9,337,252138,1461843445282
9,338,252883,1461843446026
9,339,253627,1461843446771
9,340,254372,1461843447515
9,341,255117,1461843448260
9,342,255861,1461843449005
9,343,256606,1461843449749
9,344,257351,1461843450494
9,345,258095,1461843451239
9,346,258840,1461843451984
9,347,259585,1461843452728
9,348,260330,1461843453473
9,349,261074,1461843454218
9,350,261819,1461843454962
9,351,262563,1461843455707
9,352,263308,1461843456451
9,353,264052,1461843457196
9,354,264797,1461843457940
9,355,265541,1461843458685
9,356,266286,1461843459430
9,357,267032,1461843460176
9,358,267778,1461843460921
9,359,268526,1461843461670
9,360,269274,1461843462418
9,361,270021,1461843463165
9,362,270767,1461843463911
9,363,271535,1461843464678
9,364,272284,1461843465427
9,365,273033,1461843466177
9,366,273789,1461843466933
9,367,274556,1461843467699
9,368,275320,1461843468463
9,369,276068,1461843469211
9,370,276817,1461843469960
9,371,277564,1461843470707
9,372,278313,1461843471457
9,373,279060,1461843472203
9,374,279806,1461843472949
9,375,280555,1461843473698
9,376,281305,1461843474449
9,377,282051,1461843475194
9,378,282798,1461843475941
9,379,283545,1461843476688
9,380,284305,1461843477448
9,381,285050,1461843478194
9,382,285811,1461843478954
9,383,286576,1461843479719
9,384,287332,1461843480475
9,385,288094,1461843481237
9,386,288841,1461843481985
9,387,289602,1461843482745
9,388,290355,1461843483498
9,389,291101,1461843484244
9,390,291849,1461843484993
9,391,292595,1461843485738
9,392,293346,1461843486489
9,393,294091,1461843487234
9,394,294835,1461843487979
9,395,295580,1461843488723
9,396,296326,1461843489469
9,397,297080,1461843490223
9,398,297834,1461843490977
9,399,298587,1461843491730
9,400,299341,1461843492485
9,401,300093,1461843493237
9,402,300838,1461843493981
9,403,301583,1461843494726
9,404,302327,1461843495471
9,405,303072,1461843496216
9,406,303817,1461843496960
9,407,304561,1461843497705
9,408,305306,1461843498450
9,409,306051,1461843499194
9,410,306796,1461843499940
9,411,307541,1461843500684
9,412,308285,1461843501429
9,413,309030,1461843502173
9,414,309775,1461843502918
9,415,310519,1461843503663
9,416,311264,1461843504407
9,417,312008,1461843505152
9,418,312753,1461843505896
9,419,313497,1461843506641
9,420,314242,1461843507385
9,421,314986,1461843508130
9,422,315731,1461843508875
9,423,316476,1461843509619
9,424,317220,1461843510364
9,425,317965,1461843511108
9,426,318710,1461843511853
9,427,319454,1461843512597
9,428,320198,1461843513342
9,429,320943,1461843514086
9,430,321687,1461843514831
9,431,322432,1461843515575
9,432,323176,1461843516320
9,433,323921,1461843517064
9,434,324666,1461843517809
9,435,325410,1461843518554
9,436,326155,1461843519298
9,437,326900,1461843520043
9,438,327644,1461843520787
9,439,328388,1461843521532
9,440,329133,1461843522276
9,441,329877,1461843523021
9,442,330622,1461843523765
9,443,331366,1461843524510
9,444,332111,1461843525254
9,445,332855,1461843525999
9,446,333600,1461843526743
9,447,334344,1461843527488
9,448,335089,1461843528232
9,449,335836,1461843528979
9,450,336581,1461843529724
9,451,337325,1461843530469
9,452,338070,1461843531213
9,453,338814,1461843531958
9,454,339559,1461843532702
9,455,340303,1461843533446
9,456,341048,1461843534191
9,457,341792,1461843534935
9,458,342537,1461843535680
9,459,343281,1461843536425
9,460,344026,1461843537169
9,461,344770,1461843537914
9,462,345515,1461843538658
9,463,346260,1461843539403
9,464,347004,1461843540147
9,465,347749,1461843540892
9,466,348493,1461843541636
9,467,349238,1461843542381
9,468,349982,1461843543126
9,469,350727,1461843543870
9,470,351471,1461843544615
9,471,352216,1461843545359
9,472,352960,1461843546104
9,473,353705,1461843546848
9,474,354449,1461843547593
9,475,355194,1461843548337
9,476,355938,1461843549082
9,477,356683,1461843549826
9,478,357427,1461843550571
9,479,358172,1461843551315
9,480,358916,1461843552060
9,481,359661,1461843552804
9,482,360405,1461843553549
9,483,361150,1461843554293
9,484,361894,1461843555038
9,485,362639,1461843555783
9,486,363384,1461843556527
9,487,364128,1461843557271
9,488,364873,1461843558016
9,489,365617,1461843558761
9,490,366362,1461843559505
9,491,367106,1461843560250
9,492,367851,1461843560994
9,493,368595,1461843561739
9,494,369340,1461843562483
9,495,370084,1461843563228
9,496,370829,1461843563972
9,497,371573,1461843564717
9,498,372318,1461843565461
9,499,373062,1461843566206
9,500,373807,1461843566950
9,501,374551,1461843567695
9,502,375296,1461843568439
9,503,376040,1461843569184
9,504,376785,1461843569928
9,505,377529,1461843570672
9,506,378274,1461843571417
9,507,379018,1461843572162
9,508,379763,1461843572906
9,509,380507,1461843573650
9,510,381252,1461843574395
9,511,381996,1461843575140
9,512,382741,1461843575884
9,513,383485,1461843576629
9,514,384230,1461843577373
9,515,384976,1461843578120
9,516,385721,1461843578865
9,517,386466,1461843579609
9,518,387210,1461843580354
9,519,387955,1461843581098
9,520,388701,1461843581844
9,521,389451,1461843582594
9,522,390204,1461843583347
9,523,390968,1461843584111
9,524,391716,1461843584859
9,525,392470,1461843585613
9,526,393216,1461843586359
9,527,393960,1461843587104
9,528,394705,1461843587849
9,529,395451,1461843588595
9,530,396219,1461843589362
9,531,396964,1461843590107
9,532,397718,1461843590861
9,533,398468,1461843591611
9,534,399227,1461843592370
