9,0,806,1461839998825
9,1,1582,1461839999601
9,2,2359,1461840000379
9,3,3138,1461840001157
9,4,3919,1461840001938
9,5,4746,1461840002765
9,6,5518,1461840003537
9,7,6288,1461840004307
9,8,7055,1461840005074
9,9,7822,1461840005841
9,10,8601,1461840006620
9,11,9364,1461840007383
9,12,10133,1461840008152
9,13,10902,1461840008921
9,14,11667,1461840009686
9,15,12428,1461840010447
9,16,13180,1461840011199
9,17,13932,1461840011951
9,18,14684,1461840012703
9,19,15435,1461840013454
9,20,16189,1461840014208
9,21,16940,1461840014959
9,22,17690,1461840015709
9,23,18441,1461840016460
9,24,19191,1461840017211
9,25,19943,1461840017962
9,26,20704,1461840018723
9,27,21461,1461840019480
9,28,22211,1461840020230
9,29,22962,1461840020981
9,30,23714,1461840021733
9,31,24468,1461840022487
9,32,25220,1461840023239
9,33,25970,1461840023989
9,34,26724,1461840024743
9,35,27474,1461840025493
9,36,28224,1461840026243
9,37,28974,1461840026993
9,38,29724,1461840027743
9,39,30480,1461840028499
9,40,31248,1461840029267
9,41,31997,1461840030016
9,42,32748,1461840030767
9,43,33498,1461840031517
9,44,34249,1461840032268
9,45,35000,1461840033019
9,46,35750,1461840033769
9,47,36502,1461840034521
9,48,37252,1461840035271
9,49,38001,1461840036020
9,50,38751,1461840036770
9,51,39501,1461840037520
9,52,40251,1461840038271
9,53,41009,1461840039028
9,54,41761,1461840039780
9,55,42510,1461840040529
9,56,43260,1461840041279
9,57,44010,1461840042029
9,58,44760,1461840042779
9,59,45511,1461840043530
9,60,46268,1461840044287
9,61,47018,1461840045037
9,62,47767,1461840045786
9,63,48521,1461840046540
9,64,49275,1461840047294
9,65,50027,1461840048046
9,66,50786,1461840048805
9,67,51558,1461840049577
9,68,52314,1461840050333
9,69,53069,1461840051088
9,70,53824,1461840051843
9,71,54579,1461840052599
9,72,55332,1461840053351
9,73,56085,1461840054104
9,74,56838,1461840054857
9,75,57589,1461840055608
9,76,58347,1461840056366
9,77,59106,1461840057125
9,78,59864,1461840057883
9,79,60614,1461840058634
9,80,61364,1461840059383
9,81,62114,1461840060133
9,82,62863,1461840060882
9,83,63613,1461840061632
9,84,64364,1461840062383
9,85,65114,1461840063133
9,86,65868,1461840063887
9,87,66617,1461840064637
9,88,67367,1461840065386
9,89,68117,1461840066136
9,90,68871,1461840066890
9,91,69621,1461840067640
9,92,70371,1461840068390
9,93,71144,1461840069163
9,94,71913,1461840069932
9,95,72675,1461840070694
9,96,73425,1461840071444
9,97,74175,1461840072194
9,98,74926,1461840072945
9,99,75679,1461840073698
9,100,76448,1461840074467
9,101,77197,1461840075216
9,102,77947,1461840075966
9,103,78697,1461840076716
9,104,79446,1461840077465
9,105,80202,1461840078221
9,106,80963,1461840078982
9,107,81712,1461840079731
9,108,82461,1461840080481
9,109,83211,1461840081230
9,110,83962,1461840081981
9,111,84714,1461840082733
9,112,85468,1461840083487
9,113,86220,1461840084239
9,114,86978,1461840084997
9,115,87728,1461840085747
9,116,88479,1461840086498
9,117,89229,1461840087248
9,118,89979,1461840087999
9,119,90735,1461840088754
9,120,91486,1461840089505
9,121,92236,1461840090255
9,122,92985,1461840091004
9,123,93736,1461840091755
9,124,94486,1461840092505
9,125,95236,1461840093255
9,126,95986,1461840094005
9,127,96744,1461840094763
9,128,97496,1461840095515
9,129,98245,1461840096264
9,130,98995,1461840097014
9,131,99745,1461840097764
9,132,100509,1461840098528
9,133,101260,1461840099279
9,134,102009,1461840100028
9,135,102759,1461840100778
9,136,103509,1461840101528
9,137,104260,1461840102279
9,138,105012,1461840103031
9,139,105780,1461840103799
9,140,106530,1461840104549
9,141,107280,1461840105299
9,142,108029,1461840106048
9,143,108779,1461840106798
9,144,109528,1461840107547
9,145,110286,1461840108305
9,146,111040,1461840109059
9,147,111790,1461840109809
9,148,112540,1461840110559
9,149,113289,1461840111308
9,150,114039,1461840112059
9,151,114790,1461840112809
9,152,115555,1461840113574
9,153,116308,1461840114327
9,154,117067,1461840115086
9,155,117818,1461840115837
9,156,118575,1461840116594
9,157,119340,1461840117359
9,158,120097,1461840118116
9,159,120859,1461840118878
9,160,121621,1461840119640
9,161,122381,1461840120400
9,162,123144,1461840121163
9,163,123901,1461840121920
9,164,124654,1461840122673
9,165,125409,1461840123428
9,166,126159,1461840124178
9,167,126909,1461840124928
9,168,127658,1461840125677
9,169,128408,1461840126427
9,170,129157,1461840127176
9,171,129907,1461840127926
9,172,130656,1461840128675
9,173,131406,1461840129425
9,174,132155,1461840130174
9,175,132905,1461840130924
9,176,133654,1461840131673
9,177,134404,1461840132423
9,178,135155,1461840133174
9,179,135905,1461840133924
9,180,136654,1461840134673
9,181,137404,1461840135423
9,182,138153,1461840136172
9,183,138907,1461840136926
9,184,139657,1461840137676
9,185,140407,1461840138426
9,186,141156,1461840139176
9,187,141906,1461840139925
9,188,142656,1461840140675
9,189,143405,1461840141424
9,190,144156,1461840142175
9,191,144907,1461840142926
9,192,145661,1461840143681
9,193,146423,1461840144442
9,194,147172,1461840145191
9,195,147921,1461840145940
9,196,148672,1461840146691
9,197,149434,1461840147453
9,198,150183,1461840148202
9,199,150938,1461840148957
9,200,151687,1461840149706
9,201,152437,1461840150456
9,202,153186,1461840151205
9,203,153936,1461840151955
9,204,154686,1461840152705
9,205,155436,1461840153455
9,206,156192,1461840154211
9,207,156951,1461840154970
9,208,157702,1461840155721
9,209,158451,1461840156470
9,210,159201,1461840157220
9,211,159950,1461840157969
9,212,160719,1461840158738
9,213,161480,1461840159499
9,214,162229,1461840160248
9,215,162978,1461840160997
9,216,163728,1461840161747
9,217,164478,1461840162497
9,218,165232,1461840163251
9,219,165982,1461840164001
9,220,166731,1461840164750
9,221,167481,1461840165500
9,222,168230,1461840166249
9,223,168980,1461840166999
9,224,169732,1461840167751
9,225,170482,1461840168501
9,226,171234,1461840169253
9,227,171985,1461840170005
9,228,172735,1461840170754
9,229,173484,1461840171503
9,230,174234,1461840172253
9,231,174984,1461840173003
9,232,175739,1461840173758
9,233,176501,1461840174520
9,234,177261,1461840175280
9,235,178019,1461840176038
9,236,178777,1461840176796
9,237,179526,1461840177545
9,238,180277,1461840178296
9,239,181031,1461840179050
9,240,181780,1461840179799
9,241,182529,1461840180549
9,242,183279,1461840181298
9,243,184029,1461840182048
9,244,184779,1461840182798
9,245,185529,1461840183548
9,246,186282,1461840184301
9,247,187031,1461840185050
9,248,187781,1461840185800
9,249,188530,1461840186549
9,250,189281,1461840187300
9,251,190031,1461840188050
9,252,190780,1461840188799
9,253,191529,1461840189549
9,254,192279,1461840190298
9,255,193028,1461840191047
9,256,193778,1461840191797
9,257,194528,1461840192547
9,258,195278,1461840193297
9,259,196030,1461840194049
9,260,196780,1461840194799
9,261,197529,1461840195549
9,262,198280,1461840196299
9,263,199029,1461840197048
9,264,199779,1461840197798
9,265,200546,1461840198565
9,266,201301,1461840199320
9,267,202050,1461840200069
9,268,202800,1461840200819
9,269,203549,1461840201569
9,270,204302,1461840202322
9,271,205055,1461840203074
9,272,205822,1461840203841
9,273,206573,1461840204592
9,274,207323,1461840205342
9,275,208073,1461840206092
9,276,208823,1461840206842
9,277,209573,1461840207592
9,278,210324,1461840208343
9,279,211074,1461840209093
9,280,211824,1461840209843
9,281,212573,1461840210592
9,282,213323,1461840211342
9,283,214074,1461840212093
9,284,214823,1461840212842
9,285,215573,1461840213592
9,286,216325,1461840214344
9,287,217075,1461840215094
9,288,217824,1461840215843
9,289,218574,1461840216593
9,290,219323,1461840217342
9,291,220073,1461840218092
9,292,220830,1461840218849
9,293,221579,1461840219599
9,294,222329,1461840220348
9,295,223078,1461840221097
9,296,223830,1461840221849
9,297,224580,1461840222599
9,298,225330,1461840223349
9,299,226080,1461840224099
9,300,226830,1461840224849
9,301,227579,1461840225598
9,302,228329,1461840226348
9,303,229079,1461840227098
9,304,229828,1461840227847
9,305,230578,1461840228597
9,306,231327,1461840229346
9,307,232077,1461840230096
9,308,232826,1461840230845
9,309,233576,1461840231595
9,310,234328,1461840232347
9,311,235078,1461840233097
9,312,235828,1461840233847
9,313,236580,1461840234599
9,314,237330,1461840235349
9,315,238081,1461840236101
9,316,238835,1461840236854
9,317,239585,1461840237604
9,318,240339,1461840238358
9,319,241093,1461840239112
9,320,241842,1461840239862
9,321,242592,1461840240611
9,322,243341,1461840241360
9,323,244100,1461840242119
9,324,244850,1461840242869
9,325,245601,1461840243620
9,326,246350,1461840244369
9,327,247099,1461840245118
9,328,247849,1461840245868
9,329,248598,1461840246617
9,330,249347,1461840247367
9,331,250106,1461840248125
9,332,250876,1461840248895
9,333,251627,1461840249646
9,334,252377,1461840250396
9,335,253126,1461840251145
9,336,253878,1461840251897
9,337,254627,1461840252646
9,338,255377,1461840253396
9,339,256137,1461840254156
9,340,256887,1461840254906
9,341,257636,1461840255655
9,342,258386,1461840256405
9,343,259148,1461840257167
9,344,259904,1461840257923
9,345,260654,1461840258673
9,346,261407,1461840259426
9,347,262162,1461840260181
9,348,262912,1461840260931
9,349,263661,1461840261680
9,350,264411,1461840262430
9,351,265161,1461840263180
9,352,265920,1461840263939
9,353,266690,1461840264709
9,354,267460,1461840265479
9,355,268223,1461840266242
9,356,268973,1461840266992
9,357,269722,1461840267741
9,358,270472,1461840268491
9,359,271222,1461840269241
9,360,271972,1461840269991
9,361,272722,1461840270741
9,362,273472,1461840271491
9,363,274222,1461840272241
9,364,274972,1461840272991
9,365,275726,1461840273745
9,366,276502,1461840274521
9,367,277272,1461840275291
9,368,278031,1461840276050
9,369,278789,1461840276808
9,370,279539,1461840277558
9,371,280288,1461840278307
9,372,281038,1461840279057
9,373,281788,1461840279807
9,374,282537,1461840280556
9,375,283286,1461840281306
9,376,284038,1461840282058
9,377,284788,1461840282807
9,378,285546,1461840283565
9,379,286296,1461840284315
9,380,287045,1461840285064
9,381,287795,1461840285814
9,382,288544,1461840286563
9,383,289295,1461840287314
9,384,290045,1461840288064
9,385,290795,1461840288814
9,386,291545,1461840289564
9,387,292294,1461840290313
9,388,293044,1461840291063
9,389,293799,1461840291818
9,390,294571,1461840292590
9,391,295338,1461840293357
9,392,296102,1461840294121
9,393,296868,1461840294888
9,394,297618,1461840295637
9,395,298367,1461840296386
9,396,299117,1461840297136
9,397,299866,1461840297885
9,398,300625,1461840298644
9,399,301374,1461840299393
9,400,302124,1461840300143
9,401,302873,1461840300892
9,402,303622,1461840301641
9,403,304372,1461840302391
9,404,305122,1461840303141
9,405,305877,1461840303896
9,406,306630,1461840304650
9,407,307380,1461840305399
9,408,308130,1461840306149
9,409,308880,1461840306899
9,410,309629,1461840307648
9,411,310395,1461840308414
9,412,311147,1461840309166
9,413,311900,1461840309919
9,414,312649,1461840310668
9,415,313399,1461840311418
9,416,314149,1461840312168
9,417,314898,1461840312917
9,418,315667,1461840313686
9,419,316425,1461840314444
9,420,317175,1461840315194
9,421,317924,1461840315943
9,422,318674,1461840316693
9,423,319425,1461840317444
9,424,320175,1461840318194
9,425,320929,1461840318948
9,426,321678,1461840319697
9,427,322427,1461840320446
9,428,323176,1461840321195
9,429,323926,1461840321945
9,430,324675,1461840322694
9,431,325424,1461840323443
9,432,326174,1461840324193
9,433,326923,1461840324942
9,434,327672,1461840325691
9,435,328421,1461840326441
9,436,329171,1461840327190
9,437,329921,1461840327940
9,438,330674,1461840328693
9,439,331444,1461840329463
9,440,332208,1461840330227
9,441,332957,1461840330977
9,442,333707,1461840331726
9,443,334459,1461840332478
9,444,335208,1461840333227
9,445,335968,1461840333987
9,446,336728,1461840334747
9,447,337487,1461840335506
9,448,338246,1461840336265
9,449,339008,1461840337028
9,450,339758,1461840337777
9,451,340510,1461840338529
9,452,341261,1461840339280
9,453,342010,1461840340029
9,454,342760,1461840340779
9,455,343509,1461840341528
9,456,344270,1461840342289
9,457,345021,1461840343040
9,458,345785,1461840343804
9,459,346534,1461840344553
9,460,347284,1461840345303
9,461,348033,1461840346052
9,462,348783,1461840346802
9,463,349532,1461840347551
9,464,350282,1461840348301
9,465,351032,1461840349051
9,466,351781,1461840349800
9,467,352530,1461840350549
9,468,353280,1461840351299
9,469,354030,1461840352049
9,470,354779,1461840352798
9,471,355532,1461840353551
9,472,356290,1461840354309
9,473,357039,1461840355058
9,474,357789,1461840355808
9,475,358538,1461840356557
9,476,359288,1461840357307
9,477,360038,1461840358057
9,478,360788,1461840358807
9,479,361538,1461840359557
9,480,362287,1461840360306
9,481,363036,1461840361055
9,482,363786,1461840361805
9,483,364538,1461840362557
9,484,365287,1461840363306
9,485,366037,1461840364056
9,486,366786,1461840364805
9,487,367535,1461840365554
9,488,368285,1461840366304
9,489,369035,1461840367054
9,490,369791,1461840367810
9,491,370540,1461840368559
9,492,371290,1461840369309
9,493,372039,1461840370058
9,494,372788,1461840370807
9,495,373538,1461840371557
9,496,374289,1461840372309
9,497,375039,1461840373058
9,498,375788,1461840373807
9,499,376538,1461840374557
9,500,377287,1461840375306
9,501,378036,1461840376055
9,502,378787,1461840376806
9,503,379538,1461840377557
9,504,380288,1461840378307
9,505,381037,1461840379056
9,506,381787,1461840379806
9,507,382536,1461840380555
9,508,383285,1461840381304
9,509,384037,1461840382057
9,510,384787,1461840382806
9,511,385536,1461840383555
9,512,386286,1461840384305
9,513,387035,1461840385054
9,514,387784,1461840385803
9,515,388534,1461840386553
9,516,389285,1461840387304
9,517,390034,1461840388053
9,518,390784,1461840388803
9,519,391534,1461840389553
9,520,392283,1461840390302
9,521,393032,1461840391052
9,522,393784,1461840391803
9,523,394539,1461840392558
9,524,395288,1461840393307
9,525,396038,1461840394057
9,526,396797,1461840394816
9,527,397556,1461840395575
9,528,398315,1461840396334
9,529,399065,1461840397084
9,530,399814,1461840397833
9,531,400564,1461840398583
9,532,401314,1461840399333
9,533,402063,1461840400082
9,534,402812,1461840400831
9,535,403561,1461840401581
9,536,404311,1461840402330
9,537,405060,1461840403079
9,538,405810,1461840403829
9,539,406559,1461840404578
9,540,407308,1461840405327
9,541,408058,1461840406077
9,542,408809,1461840406828
9,543,409561,1461840407580
9,544,410310,1461840408329
9,545,411067,1461840409086
9,546,411817,1461840409836
9,547,412566,1461840410585
9,548,413316,1461840411335
9,549,414066,1461840412085
9,550,414816,1461840412835
9,551,415565,1461840413584
9,552,416315,1461840414334
9,553,417065,1461840415084
9,554,417814,1461840415833
9,555,418563,1461840416583
9,556,419324,1461840417343
9,557,420076,1461840418095
9,558,420826,1461840418845
9,559,421575,1461840419594
9,560,422325,1461840420344
9,561,423074,1461840421093
9,562,423824,1461840421843
9,563,424574,1461840422593
9,564,425323,1461840423342
9,565,426073,1461840424092
9,566,426821,1461840424841
9,567,427570,1461840425589
9,568,428324,1461840426343
9,569,429082,1461840427101
9,570,429831,1461840427850
9,571,430581,1461840428600
9,572,431331,1461840429350
9,573,432080,1461840430099
9,574,432829,1461840430848
9,575,433581,1461840431600
9,576,434332,1461840432351
9,577,435087,1461840433106
9,578,435845,1461840433864
9,579,436603,1461840434622
9,580,437353,1461840435372
9,581,438102,1461840436121
9,582,438852,1461840436871
9,583,439602,1461840437621
9,584,440351,1461840438370
9,585,441106,1461840439125
9,586,441855,1461840439875
9,587,442605,1461840440624
9,588,443354,1461840441373
9,589,444108,1461840442127
9,590,444857,1461840442876
9,591,445606,1461840443626
9,592,446356,1461840444375
9,593,447105,1461840445124
9,594,447854,1461840445873
9,595,448604,1461840446623
9,596,449366,1461840447385
9,597,450116,1461840448135
9,598,450866,1461840448885
9,599,451615,1461840449634
9,600,452364,1461840450383
9,601,453113,1461840451132
9,602,453863,1461840451882
9,603,454612,1461840452632
9,604,455362,1461840453381
9,605,456112,1461840454131
9,606,456871,1461840454890
9,607,457625,1461840455644
9,608,458381,1461840456400
9,609,459136,1461840457155
9,610,459886,1461840457905
9,611,460636,1461840458655
9,612,461390,1461840459410
9,613,462141,1461840460160
9,614,462891,1461840460910
9,615,463640,1461840461659
9,616,4