0,1461915637705
0,1461915637717
0,1461915637729
0,1461915637742
0,1461915637753
0,1461915637765
0,1461915637776
0,1461915637787
0,1461915637799
0,1461915637811
0,1461915637823
0,1461915637835
0,1461915637848
0,1461915637859
0,1461915637871
0,1461915637883
0,1461915637895
0,1461915637908
0,1461915637920
0,1461915637932
0,1461915637945
0,1461915637957
0,1461915637969
0,1461915637982
0,1461915637994
0,1461915638006
0,1461915638018
0,1461915638030
0,1461915638043
0,1461915638056
0,1461915638068
0,1461915638080
0,1461915638092
0,1461915638105
0,1461915638117
0,1461915638129
0,1461915638141
0,1461915638153
0,1461915638164
0,1461915638176
0,1461915638187
0,1461915638198
0,1461915638210
0,1461915638221
0,1461915638232
0,1461915638244
0,1461915638255
0,1461915638266
0,1461915638277
0,1461915638289
0,1461915638300
0,1461915638311
0,1461915638323
0,1461915638334
0,1461915638345
0,1461915638357
0,1461915638368
0,1461915638379
0,1461915638390
0,1461915638401
0,1461915638413
0,1461915638424
0,1461915638435
0,1461915638446
0,1461915638458
0,1461915638469
0,1461915638480
0,1461915638492
0,1461915638503
0,1461915638515
0,1461915638526
0,1461915638537
0,1461915638548
0,1461915638559
0,1461915638571
0,1461915638582
0,1461915638594
0,1461915638606
0,1461915638619
0,1461915638631
0,1461915638643
0,1461915638655
0,1461915638668
0,1461915638680
0,1461915638693
0,1461915638705
0,1461915638717
0,1461915638730
0,1461915638742
0,1461915638755
0,1461915638767
0,1461915638779
0,1461915638791
0,1461915638803
0,1461915638815
0,1461915638827
0,1461915638840
0,1461915638852
0,1461915638864
0,1461915638876
0,1461915638889
0,1461915638901
0,1461915638913
0,1461915638926
0,1461915638938
0,1461915638950
0,1461915638962
0,1461915638975
0,1461915638987
0,1461915638999
0,1461915639012
0,1461915639024
0,1461915639036
0,1461915639048
0,1461915639060
0,1461915639073
0,1461915639085
0,1461915639097
0,1461915639109
0,1461915639121
0,1461915639133
0,1461915639145
0,1461915639158
0,1461915639170
0,1461915639182
0,1461915639194
0,1461915639207
0,1461915639219
0,1461915639231
0,1461915639244
0,1461915639256
0,1461915639269
0,1461915639281
0,1461915639300
0,1461915639310
0,1461915639319
0,1461915639329
0,1461915639339
0,1461915639349
0,1461915639358
0,1461915639368
0,1461915639377
0,1461915639387
0,1461915639396
0,1461915639405
0,1461915639414
0,1461915639423
0,1461915639431
0,1461915639440
0,1461915639448
0,1461915639457
0,1461915639466
0,1461915639475
0,1461915639483
0,1461915639492
0,1461915639500
0,1461915639509
0,1461915639518
0,1461915639526
0,1461915639535
0,1461915639544
0,1461915639552
0,1461915639561
0,1461915639569
0,1461915639578
0,1461915639587
0,1461915639596
0,1461915639604
0,1461915639613
0,1461915639622
0,1461915639631
0,1461915639640
0,1461915639649
0,1461915639658
0,1461915639667
0,1461915639675
0,1461915639684
0,1461915639693
0,1461915639701
0,1461915639709
0,1461915639718
0,1461915639727
0,1461915639735
0,1461915639744
0,1461915639753
0,1461915639761
0,1461915639771
0,1461915639779
0,1461915639788
0,1461915639796
0,1461915639805
0,1461915639814
0,1461915639822
0,1461915639831
0,1461915639840
0,1461915639849
0,1461915639858
0,1461915639866
0,1461915639875
0,1461915639884
0,1461915639893
0,1461915639902
0,1461915639910
0,1461915639919
0,1461915639928
0,1461915639936
0,1461915639946
0,1461915639954
0,1461915639963
0,1461915639972
0,1461915639981
0,1461915639990
0,1461915639998
0,1461915640007
0,1461915640016
0,1461915640025
0,1461915640034
0,1461915640043
0,1461915640052
0,1461915640061
1,1461915640070
1,1461915640078
1,1461915640088
1,1461915640097
1,1461915640106
1,1461915640115
1,1461915640124
1,1461915640133
1,1461915640142
1,1461915640151
1,1461915640160
1,1461915640169
1,1461915640178
1,1461915640187
1,1461915640196
1,1461915640205
1,1461915640214
1,1461915640223
1,1461915640232
1,1461915640241
1,1461915640250
1,1461915640259
1,1461915640268
1,1461915640278
1,1461915640287
1,1461915640296
1,1461915640305
1,1461915640314
1,1461915640323
1,1461915640332
1,1461915640341
1,1461915640350
1,1461915640359
1,1461915640368
1,1461915640377
1,1461915640386
1,1461915640395
1,1461915640404
1,1461915640412
1,1461915640421
1,1461915640430
1,1461915640440
1,1461915640449
1,1461915640458
1,1461915640467
1,1461915640476
1,1461915640485
1,1461915640495
1,1461915640504
1,1461915640513
1,1461915640522
1,1461915640531
1,1461915640540
1,1461915640550
1,1461915640559
1,1461915640568
1,1461915640577
1,1461915640586
1,1461915640595
1,1461915640604
1,1461915640613
1,1461915640622
1,1461915640632
1,1461915640641
1,1461915640650
1,1461915640659
1,1461915640669
1,1461915640679
1,1461915640688
1,1461915640697
1,1461915640706
1,1461915640715
1,1461915640725
1,1461915640734
1,1461915640744
1,1461915640753
1,1461915640763
1,1461915640772
1,1461915640782
2,1461915640791
2,1461915640800
2,1461915640810
2,1461915640820
2,1461915640829
2,1461915640839
2,1461915640848
2,1461915640857
2,1461915640867
2,1461915640876
2,1461915640885
2,1461915640895
2,1461915640904
2,1461915640914
2,1461915640923
2,1461915640933
2,1461915640942
2,1461915640951
2,1461915640960
2,1461915640970
2,1461915640979
2,1461915640989
2,1461915640999
2,1461915641008
2,1461915641018
2,1461915641027
2,1461915641037
2,1461915641046
2,1461915641055
2,1461915641065
2,1461915641074
2,1461915641084
2,1461915641093
2,1461915641102
2,1461915641112
2,1461915641122
2,1461915641131
2,1461915641141
2,1461915641150
2,1461915641160
2,1461915641170
2,1461915641179
2,1461915641189
2,1461915641198
2,1461915641208
2,1461915641217
2,1461915641227
2,1461915641236
2,1461915641246
2,1461915641255
2,1461915641265
2,1461915641275
2,1461915641285
2,1461915641294
2,1461915641304
2,1461915641314
2,1461915641324
2,1461915641333
2,1461915641343
2,1461915641352
2,1461915641362
2,1461915641372
2,1461915641382
2,1461915641392
2,1461915641402
2,1461915641411
2,1461915641421
2,1461915641431
2,1461915641440
2,1461915641450
2,1461915641460
2,1461915641470
2,1461915641480
2,1461915641490
2,1461915641499
3,1461915641510
3,1461915641520
3,1461915641530
3,1461915641540
3,1461915641549
3,1461915641559
3,1461915641569
3,1461915641579
3,1461915641589
3,1461915641599
3,1461915641609
3,1461915641619
3,1461915641629
3,1461915641639
3,1461915641649
3,1461915641659
3,1461915641670
3,1461915641680
3,1461915641690
3,1461915641701
3,1461915641710
3,1461915641720
3,1461915641730
3,1461915641740
3,1461915641751
3,1461915641761
3,1461915641771
3,1461915641781
3,1461915641790
3,1461915641800
3,1461915641811
3,1461915641821
3,1461915641831
3,1461915641841
3,1461915641851
3,1461915641861
3,1461915641870
3,1461915641880
3,1461915641891
3,1461915641901
3,1461915641911
3,1461915641922
3,1461915641932
3,1461915641942
3,1461915641953
3,1461915641963
3,1461915641973
3,1461915641984
3,1461915641994
3,1461915642004
3,1461915642014
3,1461915642024
3,1461915642035
3,1461915642045
3,1461915642056
3,1461915642066
3,1461915642076
3,1461915642086
3,1461915642096
3,1461915642106
3,1461915642116
3,1461915642126
3,1461915642135
3,1461915642145
3,1461915642155
3,1461915642165
3,1461915642175
3,1461915642185
3,1461915642194
3,1461915642204
3,1461915642214
3,1461915642224
4,1461915642234
4,1461915642244
4,1461915642254
4,1461915642265
4,1461915642275
4,1461915642285
4,1461915642294
4,1461915642305
4,1461915642314
4,1461915642324
4,1461915642334
4,1461915642344
4,1461915642355
4,1461915642365
4,1461915642375
4,1461915642386
4,1461915642396
4,1461915642406
4,1461915642416
4,1461915642427
4,1461915642437
4,1461915642447
4,1461915642457
4,1461915642468
4,1461915642478
4,1461915642488
4,1461915642499
4,1461915642509
4,1461915642519
4,1461915642529
4,1461915642540
4,1461915642550
4,1461915642560
4,1461915642571
4,1461915642581
4,1461915642591
4,1461915642601
4,1461915642611
4,1461915642621
4,1461915642632
4,1461915642642
4,1461915642652
4,1461915642663
4,1461915642673
4,1461915642684
4,1461915642694
4,1461915642705
4,1461915642715
4,1461915642725
4,1461915642735
4,1461915642746
4,1461915642756
4,1461915642766
4,1461915642776
4,1461915642786
4,1461915642797
4,1461915642807
4,1461915642818
4,1461915642828
4,1461915642839
4,1461915642849
4,1461915642860
4,1461915642870
4,1461915642881
4,1461915642892
4,1461915642903
4,1461915642914
4,1461915642925
4,1461915642936
4,1461915642947
4,1461915642957
5,1461915642968
5,1461915642979
5,1461915642990
5,1461915643001
5,1461915643012
5,1461915643023
5,1461915643033
5,1461915643044
5,1461915643055
5,1461915643067
5,1461915643077
5,1461915643088
5,1461915643099
5,1461915643110
5,1461915643121
5,1461915643132
5,1461915643143
5,1461915643154
5,1461915643165
5,1461915643176
5,1461915643187
5,1461915643198
5,1461915643209
5,1461915643220
5,1461915643231
5,1461915643242
5,1461915643253
5,1461915643264
5,1461915643275
5,1461915643286
5,1461915643297
5,1461915643307
5,1461915643318
5,1461915643329
5,1461915643340
5,1461915643351
5,1461915643361
5,1461915643372
5,1461915643383
5,1461915643394
5,1461915643404
5,1461915643415
5,1461915643425
5,1461915643436
5,1461915643447
5,1461915643458
5,1461915643468
5,1461915643479
5,1461915643490
5,1461915643501
5,1461915643511
5,1461915643522
5,1461915643533
5,1461915643544
5,1461915643555
5,1461915643566
5,1461915643577
5,1461915643589
5,1461915643600
5,1461915643611
5,1461915643622
5,1461915643632
5,1461915643644
5,1461915643654
5,1461915643666
5,1461915643677
5,1461915643688
5,1461915643698
6,1461915643710
6,1461915643721
6,1461915643732
6,1461915643743
6,1461915643754
6,1461915643765
6,1461915643776
6,1461915643788
6,1461915643799
6,1461915643810
6,1461915643821
6,1461915643832
6,1461915643843
6,1461915643854
6,1461915643866
6,1461915643878
6,1461915643889
6,1461915643900
6,1461915643911
6,1461915643922
6,1461915643933
6,1461915643945
6,1461915643956
6,1461915643968
6,1461915643979
6,1461915643990
6,1461915644002
6,1461915644013
6,1461915644025
6,1461915644035
6,1461915644046
6,1461915644058
6,1461915644070
6,1461915644081
6,1461915644093
6,1461915644105
6,1461915644117
6,1461915644128
6,1461915644140
6,1461915644152
6,1461915644164
6,1461915644176
6,1461915644188
6,1461915644199
6,1461915644211
6,1461915644223
6,1461915644235
6,1461915644247
6,1461915644258
6,1461915644270
6,1461915644282
6,1461915644294
6,1461915644306
6,1461915644318
6,1461915644330
6,1461915644342
6,1461915644354
6,1461915644365
6,1461915644377
6,1461915644389
6,1461915644401
6,1461915644413
6,1461915644426
7,1461915644438
7,1461915644450
7,1461915644462
7,1461915644475
7,1461915644487
7,1461915644499
7,1461915644510
7,1461915644522
7,1461915644534
7,1461915644546
7,1461915644558
7,1461915644570
7,1461915644581
7,1461915644593
7,1461915644605
7,1461915644617
7,1461915644629
7,1461915644640
7,1461915644653
7,1461915644664
7,1461915644677
7,1461915644688
7,1461915644700
7,1461915644712
7,1461915644724
7,1461915644736
7,1461915644747
7,1461915644759
7,1461915644771
7,1461915644783
7,1461915644794
7,1461915644806
7,1461915644818
7,1461915644830
7,1461915644842
7,1461915644854
7,1461915644867
7,1461915644879
7,1461915644891
7,1461915644903
7,1461915644914
7,1461915644926
7,1461915644939
7,1461915644950
7,1461915644962
7,1461915644974
7,1461915644986
7,1461915644997
7,1461915645009
7,1461915645020
7,1461915645032
7,1461915645043
7,1461915645055
7,1461915645067
7,1461915645079
7,1461915645091
7,1461915645103
7,1461915645115
7,1461915645127
7,1461915645138
7,1461915645150
7,1461915645162
8,1461915645174
8,1461915645186
8,1461915645197
8,1461915645209
8,1461915645221
8,1461915645233
8,1461915645245
8,1461915645257
8,1461915645269
8,1461915645281
8,1461915645293
8,1461915645305
8,1461915645317
8,1461915645329
8,1461915645341
8,1461915645353
8,1461915645365
8,1461915645377
8,1461915645389
8,1461915645402
8,1461915645415
8,1461915645427
8,1461915645440
8,1461915645452
8,1461915645465
8,1461915645477
8,1461915645490
8,1461915645502
8,1461915645515
8,1461915645527
8,1461915645540
8,1461915645552
8,1461915645565
8,1461915645577
8,1461915645590
8,1461915645603
8,1461915645615
8,1461915645628
8,1461915645641
8,1461915645654
8,1461915645667
8,1461915645679
8,1461915645692
8,1461915645705
8,1461915645718
8,1461915645731
8,1461915645744
8,1461915645757
8,1461915645770
8,1461915645783
8,1461915645796
8,1461915645809
8,1461915645822
8,1461915645835
8,1461915645848
8,1461915645861
8,1461915645875
8,1461915645888
9,1461915645901
9,1461915645914
9,1461915645928
9,1461915645941
9,1461915645954
9,1461915645967
9,1461915645981
9,1461915645994
9,1461915646007
9,1461915646021
9,1461915646034
9,1461915646048
9,1461915646061
9,1461915646075
9,1461915646088
9,1461915646101
9,1461915646115
9,1461915646128
9,1461915646142
9,1461915646156
9,1461915646169
9,1461915646183
9,1461915646196
9,1461915646210
9,1461915646224
9,1461915646238
9,1461915646252
9,1461915646265
9,1461915646279
9,1461915646292
9,1461915646306
9,1461915646320
9,1461915646334
9,1461915646347
9,1461915646361
9,1461915646375
9,1461915646388
9,1461915646402
9,1461915646416
9,1461915646429
9,1461915646443
9,1461915646456
9,1461915646470
9,1461915646484
9,1461915646498
9,1461915646511
9,1461915646525
9,1461915646539
9,1461915646553
9,1461915646566
9,1461915646580
9,1461915646594
9,1461915646608
9,1461915646622
10,1461915646636
10,1461915646650
10,1461915646664
10,1461915646678
10,1461915646692
10,1461915646706
10,1461915646721
10,1461915646735
10,1461915646749
10,1461915646763
10,1461915646778
10,1461915646792
10,1461915646806
10,1461915646821
10,1461915646835
10,1461915646850
10,1461915646864
10,1461915646879
10,1461915646893
10,1461915646908
10,1461915646922
10,1461915646937
10,1461915646951
10,1461915646966
10,1461915646980
10,1461915646995
10,1461915647010
10,1461915647025
10,1461915647040
10,1461915647055
10,1461915647070
10,1461915647085
10,1461915647100
10,1461915647115
10,1461915647131
10,1461915647146
10,1461915647162
10,1461915647177
10,1461915647192
10,1461915647208
10,1461915647223
10,1461915647239
10,1461915647255
10,1461915647271
10,1461915647286
10,1461915647301
10,1461915647315
10,1461915647331
10,1461915647346
11,1461915647361
11,1461915647376
11,1461915647391
11,1461915647407
11,1461915647422
11,1461915647437
11,1461915647453
11,1461915647468
11,1461915647483
11,1461915647498
11,1461915647513
11,1461915647528
11,1461915647544
11,1461915647560
11,1461915647575
11,1461915647590
11,1461915647606
11,1461915647621
11,1461915647637
11,1461915647653
11,1461915647668
11,1461915647683
11,1461915647699
11,1461915647714
11,1461915647731
11,1461915647747
11,1461915647762
11,1461915647778
11,1461915647793
11,1461915647808
11,1461915647824
11,1461915647839
11,1461915647855
11,1461915647870
11,1461915647886
11,1461915647901
11,1461915647917
11,1461915647933
11,1461915647949
11,1461915647965
11,1461915647981
11,1461915647997
11,1461915648013
11,1461915648029
11,1461915648044
11,1461915648061
11,1461915648077
11,1461915648093
12,1461915648109
12,1461915648125
12,1461915648141
12,1461915648157
12,1461915648173
12,1461915648189
12,1461915648205
12,1461915648221
12,1461915648238
12,1461915648254
12,1461915648270
12,1461915648286
12,1461915648301
12,1461915648317
12,1461915648333
12,1461915648349
12,1461915648365
12,1461915648382
12,1461915648397
12,1461915648414
12,1461915648430
12,1461915648446
12,1461915648462
12,1461915648477
12,1461915648493
12,1461915648510
12,1461915648526
12,1461915648542
12,1461915648557
12,1461915648573
12,1461915648589
12,1461915648605
12,1461915648621
12,1461915648637
12,1461915648654
12,1461915648669
12,1461915648686
12,1461915648702
12,1461915648717
12,1461915648734
12,1461915648750
12,1461915648766
12,1461915648783
12,1461915648799
12,1461915648816
12,1461915648832
13,1461915648848
13,1461915648864
13,1461915648881
13,1461915648898
13,1461915648914
13,1461915648930
13,1461915648947
13,1461915648964
13,1461915648980
13,1461915648997
13,1461915649014
13,1461915649030
13,1461915649047
13,1461915649064
13,1461915649081
13,1461915649097
13,1461915649114
13,1461915649131
13,1461915649148
13,1461915649165
13,1461915649181
13,1461915649197
13,1461915649214
13,1461915649231
13,1461915649248
13,1461915649264
13,1461915649281
13,1461915649298
13,1461915649315
13,1461915649332
13,1461915649349
13,1461915649366
13,1461915649383
13,1461915649400
13,1461915649417
13,1461915649434
13,1461915649451
13,1461915649468
13,1461915649485
13,1461915649502
13,1461915649519
13,1461915649537
13,1461915649554
14,1461915649571
14,1461915649588
14,1461915649605
14,1461915649622
14,1461915649639
14,1461915649657
14,1461915649674
14,1461915649690
14,1461915649707
14,1461915649725
14,1461915649742
14,1461915649759
14,1461915649776
14,1461915649793
14,1461915649810
14,1461915649827
14,1461915649844
14,1461915649861
14,1461915649878
14,1461915649896
14,1461915649913
14,1461915649931
14,1461915649948
14,1461915649965
14,1461915649983
14,1461915650000
14,1461915650017
14,1461915650034
14,1461915650052
14,1461915650069
14,1461915650086
14,1461915650104
14,1461915650122
14,1461915650139
14,1461915650157
14,1461915650174
14,1461915650192
14,1461915650209
14,1461915650226
14,1461915650244
14,1461915650262
14,1461915650280
14,1461915650298
15,1461915650315
15,1461915650333
15,1461915650351
15,1461915650369
15,1461915650387
15,1461915650404
15,1461915650422
15,1461915650440
15,1461915650458
15,1461915650476
15,1461915650494
15,1461915650512
15,1461915650530
15,1461915650549
15,1461915650567
15,1461915650585
15,1461915650603
15,1461915650621
15,1461915650639
15,1461915650657
15,1461915650675
15,1461915650693
15,1461915650711
15,1461915650729
15,1461915650748
15,1461915650766
15,1461915650785
15,1461915650803
15,1461915650821
15,1461915650840
15,1461915650858
15,1461915650876
15,1461915650894
15,1461915650912
15,1461915650930
15,1461915650948
15,1461915650966
15,1461915650985
15,1461915651003
15,1461915651021
16,1461915651039
16,1461915651058
16,1461915651076
16,1461915651095
16,1461915651112
16,1461915651130
16,1461915651148
16,1461915651166
16,1461915651185
16,1461915651203
16,1461915651222
16,1461915651240
16,1461915651258
16,1461915651277
16,1461915651296
16,1461915651314
16,1461915651332
16,1461915651351
16,1461915651370
16,1461915651388
16,1461915651407
16,1461915651426
16,1461915651444
16,1461915651462
16,1461915651481
16,1461915651499
16,1461915651518
16,1461915651537
16,1461915651555
16,1461915651575
16,1461915651593
16,1461915651612
16,1461915651631
16,1461915651650
16,1461915651669
16,1461915651687
16,1461915651706
16,1461915651725
16,1461915651744
17,1461915651763
17,1461915651782
17,1461915651800
17,1461915651819
17,1461915651838
17,1461915651857
17,1461915651876
17,1461915651895
17,1461915651914
17,1461915651933
17,1461915651952
17,1461915651971
17,1461915651990
17,1461915652009
17,1461915652029
17,1461915652048
17,1461915652067
17,1461915652086
17,1461915652105
17,1461915652124
17,1461915652144
17,1461915652163
17,1461915652182
17,1461915652201
17,1461915652221
17,1461915652240
17,1461915652259
17,1461915652279
17,1461915652298
17,1461915652317
17,1461915652336
17,1461915652356
17,1461915652376
17,1461915652395
17,1461915652414
17,1461915652433
17,1461915652452
17,1461915652472
17,1461915652491
18,1461915652511
18,1461915652530
18,1461915652550
18,1461915652570
18,1461915652589
18,1461915652609
18,1461915652629
18,1461915652648
18,1461915652668
18,1461915652688
18,1461915652707
18,1461915652727
18,1461915652747
18,1461915652766
18,1461915652786
18,1461915652806
18,1461915652826
18,1461915652845
18,1461915652864
18,1461915652884
18,1461915652904
18,1461915652923
18,1461915652943
18,1461915652963
18,1461915652983
18,1461915653003
18,1461915653023
18,1461915653043
18,1461915653062
18,1461915653083
18,1461915653102
18,1461915653122
18,1461915653142
18,1461915653162
18,1461915653182
18,1461915653202
19,1461915653222
19,1461915653242
19,1461915653262
19,1461915653282
19,1461915653302
19,1461915653322
19,1461915653342
19,1461915653362
19,1461915653383
19,1461915653402
19,1461915653422
19,1461915653442
19,1461915653462
19,1461915653483
19,1461915653503
19,1461915653523
19,1461915653543
19,1461915653563
19,1461915653583
19,1461915653603
19,1461915653623
19,1461915653643
19,1461915653664
19,1461915653684
19,1461915653704
19,1461915653724
19,1461915653744
19,1461915653764
19,1461915653785
19,1461915653805
19,1461915653826
19,1461915653846
19,1461915653867
19,1461915653888
19,1461915653908
19,1461915653929
20,1461915653950
20,1461915653970
20,1461915653991
20,1461915654012
20,1461915654032
20,1461915654053
20,1461915654073
20,1461915654094
20,1461915654114
20,1461915654135
20,1461915654155
20,1461915654176
20,1461915654196
20,1461915654217
20,1461915654237
20,1461915654258
20,1461915654279
20,1461915654300
20,1461915654321
20,1461915654342
20,1461915654363
20,1461915654384
20,1461915654405
20,1461915654426
20,1461915654446
20,1461915654467
20,1461915654488
20,1461915654509
20,1461915654530
20,1461915654551
20,1461915654572
20,1461915654594
20,1461915654615
20,1461915654636
20,1461915654656
20,1461915654677
21,1461915654698
21,1461915654720
21,1461915654741
21,1461915654761
21,1461915654783
21,1461915654803
21,1461915654825
21,1461915654847
21,1461915654868
21,1461915654888
21,1461915654909
21,1461915654931
21,1461915654952
21,1461915654973
21,1461915654994
21,1461915655016
21,1461915655037
21,1461915655058
21,1461915655079
21,1461915655101
21,1461915655122
21,1461915655143
21,1461915655164
21,1461915655185
21,1461915655206
21,1461915655227
21,1461915655248
21,1461915655269
21,1461915655291
21,1461915655312
21,1461915655333
21,1461915655355
21,1461915655377
21,1461915655398
22,1461915655420
22,1461915655441
22,1461915655462
22,1461915655484
22,1461915655505
22,1461915655527
22,1461915655549
22,1461915655571
22,1461915655592
22,1461915655614
22,1461915655636
22,1461915655657
22,1461915655679
22,1461915655700
22,1461915655722
22,1461915655744
22,1461915655766
22,1461915655788
22,1461915655810
22,1461915655832
22,1461915655854
22,1461915655876
22,1461915655897
22,1461915655919
22,1461915655941
22,1461915655963
22,1461915655985
22,1461915656006
22,1461915656028
22,1461915656050
22,1461915656071
22,1461915656093
22,1461915656115
22,1461915656137
23,1461915656159
23,1461915656181
23,1461915656203
23,1461915656225
23,1461915656247
23,1461915656269
23,1461915656291
23,1461915656313
23,1461915656335
23,1461915656357
23,1461915656379
23,1461915656401
23,1461915656422
23,1461915656444
23,1461915656467
23,1461915656489
23,1461915656511
23,1461915656534
23,1461915656556
23,1461915656579
23,1461915656601
23,1461915656623
23,1461915656646
23,1461915656669
23,1461915656691
23,1461915656713
23,1461915656736
23,1461915656759
23,1461915656781
23,1461915656804
23,1461915656827
23,1461915656849
23,1461915656872
24,1461915656894
24,1461915656917
24,1461915656939
24,1461915656962
24,1461915656985
24,1461915657007
24,1461915657030
24,1461915657053
24,1461915657076
24,1461915657098
24,1461915657121
24,1461915657144
24,1461915657167
24,1461915657190
24,1461915657212
24,1461915657234
24,1461915657257
24,1461915657281
24,1461915657303
24,1461915657326
24,1461915657349
24,1461915657373
24,1461915657395
24,1461915657418
24,1461915657441
24,1461915657464
24,1461915657486
24,1461915657510
24,1461915657533
24,1461915657556
24,1461915657579
25,1461915657603
25,1461915657626
25,1461915657649
25,1461915657672
25,1461915657695
25,1461915657718
25,1461915657741
25,1461915657764
25,1461915657788
25,1461915657811
25,1461915657834
25,1461915657857
25,1461915657880
25,1461915657903
25,1461915657926
25,1461915657950
25,1461915657973
25,1461915657997
25,1461915658020
25,1461915658044
25,1461915658067
25,1461915658091
25,1461915658114
25,1461915658137
25,1461915658161
25,1461915658184
25,1461915658208
25,1461915658231
25,1461915658255
25,1461915658279
25,1461915658303
25,1461915658326
26,1461915658351
26,1461915658374
26,1461915658398
26,1461915658422
26,1461915658446
26,1461915658470
26,1461915658494
26,1461915658518
26,1461915658541
26,1461915658565
26,1461915658589
26,1461915658613
26,1461915658637
26,1461915658661
26,1461915658685
26,1461915658710
26,1461915658734
26,1461915658758
26,1461915658783
26,1461915658806
26,1461915658831
26,1461915658855
26,1461915658879
26,1461915658904
26,1461915658928
26,1461915658951
26,1461915658976
26,1461915659000
26,1461915659025
26,1461915659049
27,1461915659073
27,1461915659098
27,1461915659122
27,1461915659146
27,1461915659171
27,1461915659195
27,1461915659220
27,1461915659244
27,1461915659268
27,1461915659292
27,1461915659316
27,1461915659340
27,1461915659364
27,1461915659389
27,1461915659413
27,1461915659437
27,1461915659462
27,1461915659487
27,1461915659511
27,1461915659536
27,1461915659560
27,1461915659585
27,1461915659611
27,1461915659635
27,1461915659659
27,1461915659684
27,1461915659710
27,1461915659735
27,1461915659760
28,1461915659785
28,1461915659810
28,1461915659835
28,1461915659860
28,1461915659885
28,1461915659910
28,1461915659935
28,1461915659960
28,1461915659985
28,1461915660009
28,1461915660035
28,1461915660060
28,1461915660085
28,1461915660110
28,1461915660135
28,1461915660160
28,1461915660185
28,1461915660210
28,1461915660235
28,1461915660261
28,1461915660286
28,1461915660311
28,1461915660337
28,1461915660362
28,1461915660388
28,1461915660413
28,1461915660438
28,1461915660463
28,1461915660489
29,1461915660514
29,1461915660540
29,1461915660565
29,1461915660590
29,1461915660616
29,1461915660641
29,1461915660666
29,1461915660692
29,1461915660718
29,1461915660743
29,1461915660769
29,1461915660794
29,1461915660820
29,1461915660845
29,1461915660871
29,1461915660896
29,1461915660922
29,1461915660947
29,1461915660973
29,1461915660998
29,1461915661024
29,1461915661050
29,1461915661076
29,1461915661101
29,1461915661127
29,1461915661152
29,1461915661178
29,1461915661203
29,1461915661229
30,1461915661255
30,1461915661281
30,1461915661307
30,1461915661333
30,1461915661359
30,1461915661384
30,1461915661410
30,1461915661436
30,1461915661462
30,1461915661488
30,1461915661513
30,1461915661539
30,1461915661565
30,1461915661591
30,1461915661617
30,1461915661643
30,1461915661669
30,1461915661695
30,1461915661721
30,1461915661747
30,1461915661774
30,1461915661800
30,1461915661826
30,1461915661852
30,1461915661878
30,1461915661904
30,1461915661930
31,1461915661957
31,1461915661983
31,1461915662009
31,1461915662036
31,1461915662063
31,1461915662089
31,1461915662116
31,1461915662142
31,1461915662168
31,1461915662195
31,1461915662221
31,1461915662248
31,1461915662275
31,1461915662302
31,1461915662328
31,1461915662355
31,1461915662382
31,1461915662408
31,1461915662435
31,1461915662462
31,1461915662489
31,1461915662516
31,1461915662543
31,1461915662569
31,1461915662596
31,1461915662623
31,1461915662649
31,1461915662676
32,1461915662703
32,1461915662730
32,1461915662757
32,1461915662784
32,1461915662811
32,1461915662838
32,1461915662865
32,1461915662892
32,1461915662920
32,1461915662947
32,1461915662974
32,1461915663001
32,1461915663028
32,1461915663055
32,1461915663083
32,1461915663110
32,1461915663137
32,1461915663164
32,1461915663191
32,1461915663218
32,1461915663246
32,1461915663273
32,1461915663300
32,1461915663327
32,1461915663355
32,1461915663382
33,1461915663409
33,1461915663437
33,1461915663464
33,1461915663491
33,1461915663519
33,1461915663546
33,1461915663573
33,1461915663601
33,1461915663628
33,1461915663656
33,1461915663683
33,1461915663711
33,1461915663739
33,1461915663766
33,1461915663794
33,1461915663822
33,1461915663850
33,1461915663878
33,1461915663906
33,1461915663934
33,1461915663961
33,1461915663989
33,1461915664018
33,1461915664046
33,1461915664074
33,1461915664102
33,1461915664130
34,1461915664158
34,1461915664186
34,1461915664214
34,1461915664242
34,1461915664270
34,1461915664298
34,1461915664326
34,1461915664354
34,1461915664382
34,1461915664411
34,1461915664439
34,1461915664467
34,1461915664495
34,1461915664523
34,1461915664551
34,1461915664580
34,1461915664608
34,1461915664636
34,1461915664664
34,1461915664693
34,1461915664721
34,1461915664750
34,1461915664778
34,1461915664807
34,1461915664835
35,1461915664864
35,1461915664892
35,1461915664920
35,1461915664949
35,1461915664977
35,1461915665006
35,1461915665035
35,1461915665064
35,1461915665093
35,1461915665121
35,1461915665150
35,1461915665178
35,1461915665207
35,1461915665236
35,1461915665265
35,1461915665294
35,1461915665323
35,1461915665352
35,1461915665381
35,1461915665410
35,1461915665439
35,1461915665468
35,1461915665497
35,1461915665526
35,1461915665555
36,1461915665584
36,1461915665613
36,1461915665642
36,1461915665671
36,1461915665700
36,1461915665729
36,1461915665758
36,1461915665787
36,1461915665816
36,1461915665846
36,1461915665875
36,1461915665904
36,1461915665933
36,1461915665962
36,1461915665991
36,1461915666020
36,1461915666050
36,1461915666079
36,1461915666109
36,1461915666138
36,1461915666168
36,1461915666197
36,1461915666226
36,1461915666256
36,1461915666285
37,1461915666315
37,1461915666344
37,1461915666374
37,1461915666403
37,1461915666433
37,1461915666463
37,1461915666493
37,1461915666523
37,1461915666553
37,1461915666582
37,1461915666612
37,1461915666642
37,1461915666672
37,1461915666702
37,1461915666731
37,1461915666762
37,1461915666792
37,1461915666821
37,1461915666851
37,1461915666881
37,1461915666911
37,1461915666941
37,1461915666971
37,1461915667001
37,1461915667032
38,1461915667062
38,1461915667092
38,1461915667122
38,1461915667152
38,1461915667183
38,1461915667213
38,1461915667243
38,1461915667273
38,1461915667304
38,1461915667334
38,1461915667364
38,1461915667395
38,1461915667425
38,1461915667455
38,1461915667485
38,1461915667516
38,1461915667546
38,1461915667577
38,1461915667608
38,1461915667638
38,1461915667668
38,1461915667699
38,1461915667730
39,1461915667760
39,1461915667791
39,1461915667822
39,1461915667853
39,1461915667884
39,1461915667915
39,1461915667946
39,1461915667977
39,1461915668008
39,1461915668039
39,1461915668070
39,1461915668101
39,1461915668131
39,1461915668162
39,1461915668193
39,1461915668224
39,1461915668255
39,1461915668285
39,1461915668317
39,1461915668348
39,1461915668379
39,1461915668409
39,1461915668440
40,1461915668471
40,1461915668502
40,1461915668534
40,1461915668565
40,1461915668596
40,1461915668627
40,1461915668658
40,1461915668689
40,1461915668720
40,1461915668751
40,1461915668783
40,1461915668814
40,1461915668845
40,1461915668877
40,1461915668908
40,1461915668940
40,1461915668971
40,1461915669003
40,1461915669035
40,1461915669066
40,1461915669098
40,1461915669130
40,1461915669161
41,1461915669192
41,1461915669224
41,1461915669255
41,1461915669286
41,1461915669318
41,1461915669350
41,1461915669381
41,1461915669414
41,1461915669445
41,1461915669477
41,1461915669510
41,1461915669541
41,1461915669573
41,1461915669605
41,1461915669637
41,1461915669669
41,1461915669701
41,1461915669733
41,1461915669765
41,1461915669797
41,1461915669829
41,1461915669861
41,1461915669893
42,1461915669925
42,1461915669957
42,1461915669989
42,1461915670021
42,1461915670053
42,1461915670085
42,1461915670118
42,1461915670150
42,1461915670183
42,1461915670215
42,1461915670246
42,1461915670279
42,1461915670311
42,1461915670343
42,1461915670376
42,1461915670409
42,1461915670441
42,1461915670473
42,1461915670506
42,1461915670538
42,1461915670570
42,1461915670603
43,1461915670635
43,1461915670668
43,1461915670701
43,1461915670733
43,1461915670766
43,1461915670799
43,1461915670831
43,1461915670864
43,1461915670897
43,1461915670930
43,1461915670962
43,1461915670995
43,1461915671028
43,1461915671061
43,1461915671094
43,1461915671127
43,1461915671159
43,1461915671193
43,1461915671225
43,1461915671258
43,1461915671291
43,1461915671324
44,1461915671357
44,1461915671390
44,1461915671424
44,1461915671457
44,1461915671490
44,1461915671523
44,1461915671556
44,1461915671589
44,1461915671622
44,1461915671656
44,1461915671689
44,1461915671723
44,1461915671756
44,1461915671790
44,1461915671823
44,1461915671856
44,1461915671890
44,1461915671924
44,1461915671957
44,1461915671990
44,1461915672024
44,1461915672057
45,1461915672091
45,1461915672124
45,1461915672158
45,1461915672191
45,1461915672225
45,1461915672259
45,1461915672292
45,1461915672326
45,1461915672360
45,1461915672393
45,1461915672427
45,1461915672460
45,1461915672494
45,1461915672528
45,1461915672562
45,1461915672597
45,1461915672631
45,1461915672664
45,1461915672698
45,1461915672732
45,1461915672766
46,1461915672800
46,1461915672834
46,1461915672869
46,1461915672903
46,1461915672937
46,1461915672971
46,1461915673004
46,1461915673039
46,1461915673073
46,1461915673107
46,1461915673141
46,1461915673175
46,1461915673209
46,1461915673244
46,1461915673278
46,1461915673312
46,1461915673346
46,1461915673380
46,1461915673415
46,1461915673449
46,1461915673484
47,1461915673518
47,1461915673552
47,1461915673587
47,1461915673621
47,1461915673656
47,1461915673690
47,1461915673725
47,1461915673759
47,1461915673794
47,1461915673828
47,1461915673862
47,1461915673897
47,1461915673931
47,1461915673966
47,1461915674000
47,1461915674034
47,1461915674068
47,1461915674103
47,1461915674138
47,1461915674173
47,1461915674208
48,1461915674242
48,1461915674277
48,1461915674312
48,1461915674347
48,1461915674381
48,1461915674416
48,1461915674451
48,1461915674486
48,1461915674521
48,1461915674555
48,1461915674590
48,1461915674625
48,1461915674660
48,1461915674695
48,1461915674730
48,1461915674765
48,1461915674800
48,1461915674836
48,1461915674871
48,1461915674907
48,1461915674942
49,1461915674977
49,1461915675012
49,1461915675048
49,1461915675083
49,1461915675118
49,1461915675153
49,1461915675189
49,1461915675224
49,1461915675260
49,1461915675295
49,1461915675330
49,1461915675366
49,1461915675401
49,1461915675437
49,1461915675473
49,1461915675508
49,1461915675544
49,1461915675579
49,1461915675615
49,1461915675651
50,1461915675686
50,1461915675722
50,1461915675757
50,1461915675793
50,1461915675828
50,1461915675864
50,1461915675900
50,1461915675936
50,1461915675972
50,1461915676008
50,1461915676045
50,1461915676081
50,1461915676117
50,1461915676153
50,1461915676189
50,1461915676225
50,1461915676261
50,1461915676297
50,1461915676333
50,1461915676369
51,1461915676405
51,1461915676441
51,1461915676477
51,1461915676513
51,1461915676549
51,1461915676585
51,1461915676621
51,1461915676657
51,1461915676694
51,1461915676730
51,1461915676765
51,1461915676802
51,1461915676838
51,1461915676874
51,1461915676911
51,1461915676947
51,1461915676983
51,1461915677020
51,1461915677056
51,1461915677093
52,1461915677130
52,1461915677166
52,1461915677203
52,1461915677240
52,1461915677276
52,1461915677313
52,1461915677350
52,1461915677386
52,1461915677423
52,1461915677460
52,1461915677496
52,1461915677533
52,1461915677569
52,1461915677605
52,1461915677642
52,1461915677679
52,1461915677716
52,1461915677752
52,1461915677788
52,1461915677825
53,1461915677862
53,1461915677899
53,1461915677935
53,1461915677972
53,1461915678009
53,1461915678046
53,1461915678083
53,1461915678120
53,1461915678157
53,1461915678194
53,1461915678231
53,1461915678269
53,1461915678306
53,1461915678343
53,1461915678380
53,1461915678417
53,1461915678454
53,1461915678491
53,1461915678529
54,1461915678566
54,1461915678603
54,1461915678641
54,1461915678678
54,1461915678715
54,1461915678753
54,1461915678790
54,1461915678828
54,1461915678865
54,1461915678903
54,1461915678940
54,1461915678978
54,1461915679015
54,1461915679052
54,1461915679090
54,1461915679127
54,1461915679165
54,1461915679202
54,1461915679239
55,1461915679276
55,1461915679314
55,1461915679352
55,1461915679390
55,1461915679427
55,1461915679465
55,1461915679503
55,1461915679540
55,1461915679578
55,1461915679616
55,1461915679655
55,1461915679693
55,1461915679731
55,1461915679769
55,1461915679808
55,1461915679846
55,1461915679884
55,1461915679922
55,1461915679960
56,1461915679997
56,1461915680035
56,1461915680073
56,1461915680111
56,1461915680149
56,1461915680187
56,1461915680226
56,1461915680264
56,1461915680302
56,1461915680340
56,1461915680378
56,1461915680417
56,1461915680455
56,1461915680493
56,1461915680531
56,1461915680570
56,1461915680608
56,1461915680646
56,1461915680684
57,1461915680723
57,1461915680761
57,1461915680801
57,1461915680839
57,1461915680877
57,1461915680916
57,1461915680954
57,1461915680993
57,1461915681031
57,1461915681070
57,1461915681109
57,1461915681147
57,1461915681186
57,1461915681224
57,1461915681263
57,1461915681302
57,1461915681340
57,1461915681379
57,1461915681418
58,1461915681457
58,1461915681495
58,1461915681534
58,1461915681572
58,1461915681611
58,1461915681650
58,1461915681689
58,1461915681728
58,1461915681767
58,1461915681806
58,1461915681845
58,1461915681884
58,1461915681923
58,1461915681961
58,1461915682000
58,1461915682039
58,1461915682078
58,1461915682118
58,1461915682156
59,1461915682195
59,1461915682234
59,1461915682274
59,1461915682313
59,1461915682352
59,1461915682391
59,1461915682431
59,1461915682470
59,1461915682510
59,1461915682549
59,1461915682588
59,1461915682628
59,1461915682668
59,1461915682707
59,1461915682747
59,1461915682786
59,1461915682826
59,1461915682866
60,1461915682906
60,1461915682946
60,1461915682985
60,1461915683025
60,1461915683065
60,1461915683104
60,1461915683144
60,1461915683184
60,1461915683223
60,1461915683263
60,1461915683303
60,1461915683342
60,1461915683382
60,1461915683422
60,1461915683462
60,1461915683502
60,1461915683542
60,1461915683582
61,1461915683622
61,1461915683662
61,1461915683702
61,1461915683742
61,1461915683782
61,1461915683823
61,1461915683863
61,1461915683902
61,1461915683942
61,1461915683983
61,1461915684022
61,1461915684063
61,1461915684103
61,1461915684143
61,1461915684183
61,1461915684223
61,1461915684263
61,1461915684304
62,1461915684344
62,1461915684384
62,1461915684425
62,1461915684465
62,1461915684506
62,1461915684546
62,1461915684585
62,1461915684626
62,1461915684667
62,1461915684708
62,1461915684748
62,1461915684789
62,1461915684829
62,1461915684870
62,1461915684911
62,1461915684951
62,1461915684992
62,1461915685033
63,1461915685074
63,1461915685115
63,1461915685155
63,1461915685196
63,1461915685237
63,1461915685278
63,1461915685319
63,1461915685360
63,1461915685401
63,1461915685442
63,1461915685483
63,1461915685525
63,1461915685566
63,1461915685607
63,1461915685648
63,1461915685689
63,1461915685731
64,1461915685772
64,1461915685813
64,1461915685854
64,1461915685895
64,1461915685936
64,1461915685977
64,1461915686019
64,1461915686060
64,1461915686101
64,1461915686142
64,1461915686183
64,1461915686225
64,1461915686267
64,1461915686308
64,1461915686349
64,1461915686391
64,1461915686432
64,1461915686474
65,1461915686515
65,1461915686557
65,1461915686599
65,1461915686640
65,1461915686681
65,1461915686723
65,1461915686764
65,1461915686806
65,1461915686848
65,1461915686890
65,1461915686931
65,1461915686973
65,1461915687015
65,1461915687057
65,1461915687098
65,1461915687140
65,1461915687182
66,1461915687224
66,1461915687266
66,1461915687307
66,1461915687350
66,1461915687391
66,1461915687433
66,1461915687475
66,1461915687517
66,1461915687559
66,1461915687601
66,1461915687643
66,1461915687685
66,1461915687727
66,1461915687769
66,1461915687812
66,1461915687854
66,1461915687896
67,1461915687938
67,1461915687981
67,1461915688023
67,1461915688065
67,1461915688107
67,1461915688149
67,1461915688191
67,1461915688234
67,1461915688276
67,1461915688319
67,1461915688361
67,1461915688403
67,1461915688446
67,1461915688488
67,1461915688531
67,1461915688573
67,1461915688616
68,1461915688658
68,1461915688701
68,1461915688743
68,1461915688786
68,1461915688828
68,1461915688871
68,1461915688913
68,1461915688956
68,1461915688998
68,1461915689041
68,1461915689083
68,1461915689126
68,1461915689169
68,1461915689211
68,1461915689254
68,1461915689297
68,1461915689340
69,1461915689383
69,1461915689425
69,1461915689468
69,1461915689512
69,1461915689555
69,1461915689597
69,1461915689640
69,1461915689683
69,1461915689726
69,1461915689768
69,1461915689811
69,1461915689854
69,1461915689897
69,1461915689940
69,1461915689984
69,1461915690027
70,1461915690071
70,1461915690114
70,1461915690157
70,1461915690200
70,1461915690243
70,1461915690287
70,1461915690330
70,1461915690374
70,1461915690417
70,1461915690460
70,1461915690504
70,1461915690547
70,1461915690591
70,1461915690634
70,1461915690678
70,1461915690721
70,1461915690765
71,1461915690808
71,1461915690852
71,1461915690895
71,1461915690939
71,1461915690983
71,1461915691027
71,1461915691070
71,1461915691114
71,1461915691158
71,1461915691202
71,1461915691246
71,1461915691290
71,1461915691334
71,1461915691377
71,1461915691421
71,1461915691465
72,1461915691509
72,1461915691553
72,1461915691597
72,1461915691641
72,1461915691686
72,1461915691730
72,1461915691774
72,1461915691818
72,1461915691862
72,1461915691906
72,1461915691950
72,1461915691994
72,1461915692039
72,1461915692083
72,1461915692127
72,1461915692171
73,1461915692216
73,1461915692260
73,1461915692304
73,1461915692348
73,1461915692393
73,1461915692437
73,1461915692481
73,1461915692526
73,1461915692570
73,1461915692614
73,1461915692659
73,1461915692703
73,1461915692748
73,1461915692792
73,1461915692836
73,1461915692881
73,1461915692925
74,1461915692969
74,1461915693013
74,1461915693058
74,1461915693102
74,1461915693147
74,1461915693191
74,1461915693236
74,1461915693281
74,1461915693326
74,1461915693371
74,1461915693416
74,1461915693461
74,1461915693506
74,1461915693550
74,1461915693595
74,1461915693640
75,1461915693685
75,1461915693730
75,1461915693774
75,1461915693819
75,1461915693864
75,1461915693909
75,1461915693954
75,1461915693999
75,1461915694044
75,1461915694089
75,1461915694134
75,1461915694179
75,1461915694224
75,1461915694269
75,1461915694314
75,1461915694359
76,1461915694404
76,1461915694450
76,1461915694495
76,1461915694540
76,1461915694585
76,1461915694630
76,1461915694675
76,1461915694721
76,1461915694766
76,1461915694812
76,1461915694857
76,1461915694902
76,1461915694947
76,1461915694993
76,1461915695038
76,1461915695083
77,1461915695129
77,1461915695175
77,1461915695220
77,1461915695266
77,1461915695312
77,1461915695358
77,1461915695403
77,1461915695449
77,1461915695495
77,1461915695540
77,1461915695586
77,1461915695632
77,1461915695677
77,1461915695723
77,1461915695769
78,1461915695815
78,1461915695861
78,1461915695907
78,1461915695953
78,1461915695999
78,1461915696045
78,1461915696091
78,1461915696137
78,1461915696183
78,1461915696229
78,1461915696275
78,1461915696321
78,1461915696367
78,1461915696413
78,1461915696459
78,1461915696505
79,1461915696552
79,1461915696598
79,1461915696645
79,1461915696691
79,1461915696737
79,1461915696783
79,1461915696829
79,1461915696876
79,1461915696923
79,1461915696969
79,1461915697016
79,1461915697061
79,1461915697108
79,1461915697154
79,1461915697200
80,1461915697246
80,1461915697293
80,1461915697339
80,1461915697386
80,1461915697432
80,1461915697478
80,1461915697525
80,1461915697571
80,1461915697617
80,1461915697664
80,1461915697710
80,1461915697756
80,1461915697803
80,1461915697849
80,1461915697895
80,1461915697942
81,1461915697989
81,1461915698035
81,1461915698082
81,1461915698128
81,1461915698175
81,1461915698222
81,1461915698268
81,1461915698315
81,1461915698361
81,1461915698408
81,1461915698455
81,1461915698502
81,1461915698549
81,1461915698596
81,1461915698643
82,1461915698690
82,1461915698737
82,1461915698784
82,1461915698831
82,1461915698878
82,1461915698925
82,1461915698972
82,1461915699019
82,1461915699066
82,1461915699113
82,1461915699161
82,1461915699208
82,1461915699255
82,1461915699303
82,1461915699349
83,1461915699397
83,1461915699445
83,1461915699492
83,1461915699540
83,1461915699587
83,1461915699634
83,1461915699682
83,1461915699729
83,1461915699776
83,1461915699823
83,1461915699871
83,1461915699919
83,1461915699966
83,1461915700013
83,1461915700061
84,1461915700109
84,1461915700156
84,1461915700204
84,1461915700251
84,1461915700299
84,1461915700347
84,1461915700394
84,1461915700442
84,1461915700490
84,1461915700537
84,1461915700585
84,1461915700633
84,1461915700681
84,1461915700729
84,1461915700777
85,1461915700825
85,1461915700872
85,1461915700920
85,1461915700968
85,1461915701015
85,1461915701064
85,1461915701112
85,1461915701159
85,1461915701207
85,1461915701255
85,1461915701303
85,1461915701351
85,1461915701400
85,1461915701448
85,1461915701496
85,1461915701544
85,1461915701592
86,1461915701640
86,1461915701688
86,1461915701736
86,1461915701784
86,1461915701833
86,1461915701881
86,1461915701929
86,1461915701978
86,1461915702026
86,1461915702075
86,1461915702123
86,1461915702171
86,1461915702219
86,1461915702268
86,1461915702316
87,1461915702365
87,1461915702413
87,1461915702462
87,1461915702510
87,1461915702559
87,1461915702607
87,1461915702656
87,1461915702704
87,1461915702753
87,1461915702802
87,1461915702850
87,1461915702899
87,1461915702948
87,1461915702996
87,1461915703045
88,1461915703094
88,1461915703143
88,1461915703192
88,1461915703241
88,1461915703290
88,1461915703339
88,1461915703388
88,1461915703437
88,1461915703486
88,1461915703535
88,1461915703584
88,1461915703633
88,1461915703682
88,1461915703731
88,1461915703780
89,1461915703829
89,1461915703879
89,1461915703928
89,1461915703976
89,1461915704026
89,1461915704075
89,1461915704125
89,1461915704174
89,1461915704224
89,1461915704274
89,1461915704324
89,1461915704373
89,1461915704423
89,1461915704472
90,1461915704521
90,1461915704571
90,1461915704620
90,1461915704670
90,1461915704922
90,1461915704973
90,1461915705025
90,1461915705076
90,1461915705128
90,1461915705179
90,1461915705230
91,1461915705282
91,1461915705333
91,1461915705385
91,1461915705437
91,1461915705488
91,1461915705539
91,1461915705591
91,1461915705643
91,1461915705694
91,1461915705746
91,1461915705797
91,1461915705849
91,1461915705900
93,1461915706957
93,1461915707014
93,1461915707068
93,1461915707122
95,1461915708184
95,1461915708243
95,1461915708301
95,1461915708360
95,1461915708419
95,1461915708477
95,1461915708536
95,1461915708595
95,1461915708655
95,1461915708713
95,1461915708771
96,1461915708829
96,1461915708888
96,1461915708947
96,1461915709007
96,1461915709066
96,1461915709126
96,1461915709387
97,1461915709448
97,1461915709508
97,1461915709568
97,1461915709628
97,1461915709687
97,1461915709746
97,1461915709805
97,1461915709865
97,1461915709925
97,1461915709984
97,1461915710044
97,1461915710103
97,1461915710163
98,1461915710223
98,1461915710283
98,1461915710343
98,1461915710404
98,1461915710465
98,1461915710525
98,1461915710586
98,1461915710647
98,1461915710707
98,1461915710768
98,1461915710828
98,1461915710888
99,1461915710948
99,1461915711008
99,1461915711069
99,1461915711129
100,1461915712196
100,1461915712260
100,1461915712324
101,1461915712388
101,1461915712452
101,1461915712517
101,1461915712581
101,1461915712645
101,1461915712709
101,1461915712774
101,1461915712838
101,1461915712902
101,1461915712967
101,1461915713031
102,1461915713096
102,1461915713159
102,1461915713224
102,1461915713290
102,1461915713354
102,1461915713420
102,1461915713487
102,1461915713551
102,1461915713615
102,1461915713680
102,1461915713745
103,1461915713810
103,1461915714070
103,1461915714136
103,1461915714201
103,1461915714267
103,1461915714333
103,1461915714399
103,1461915714465
104,1461915714532
104,1461915714599
104,1461915714667
104,1461915714733
104,1461915714800
104,1461915714865
104,1461915714931
104,1461915714997
104,1461915715063
104,1461915715128
104,1461915715194
105,1461915715262
105,1461915715327
105,1461915715395
105,1461915715461
105,1461915715527
105,1461915715792
105,1461915715859
105,1461915715926
106,1461915715993
106,1461915716061
106,1461915716128
106,1461915716194
106,1461915716262
106,1461915716330
106,1461915716397
106,1461915716463
106,1461915716530
106,1461915716597
107,1461915716664
107,1461915716732
107,1461915716799
107,1461915716866
107,1461915716933
107,1461915717002
107,1461915717069
107,1461915717136
107,1461915717203
107,1461915717272
107,1461915717339
108,1461915717406
108,1461915717474
108,1461915717541
108,1461915717611
108,1461915717679
108,1461915717748
108,1461915717815
108,1461915717882
108,1461915717951
108,1461915718018
109,1461915718085
109,1461915718153
109,1461915718223
109,1461915718292
110,1461915719365
110,1461915719437
110,1461915719508
111,1461915719581
111,1461915719652
111,1461915719724
111,1461915719799
111,1461915719871
111,1461915719942
111,1461915720014
111,1461915720087
111,1461915720160
112,1461915720232
112,1461915720304
112,1461915720376
112,1461915720451
112,1461915720524
112,1461915720596
112,1461915720668
112,1461915720740
112,1461915720812
112,1461915720885
113,1461915720957
113,1461915721029
113,1461915721102
113,1461915721174
113,1461915721247
113,1461915721319
113,1461915721392
113,1461915721464
113,1461915721538
113,1461915721611
114,1461915721683
114,1461915721756
114,1461915721828
114,1461915721900
114,1461915721974
114,1461915722047
114,1461915722123
114,1461915722196
114,1461915722270
114,1461915722343
115,1461915722416
115,1461915722489
115,1461915722562
116,1461915723643
116,1461915723721
116,1461915723800
117,1461915723877
117,1461915723954
117,1461915724031
118,1461915725114
118,1461915725196
119,1461915725277
119,1461915725359
119,1461915725440
119,1461915725521
119,1461915725603
119,1461915725684
119,1461915725766
121,1461915726852
121,1461915726937
121,1461915727023
121,1461915727108
121,1461915727193
121,1461915727278
122,1461915727364
122,1461915727450
122,1461915727538
122,1461915727623
123,1461915728715
123,1461915728806
124,1461915728897
124,1461915728987
125,1461915730083
125,1461915730177
126,1461915730270
126,1461915730363
126,1461915730457
126,1461915730552
126,1461915730649
126,1461915730743
126,1461915730837
127,1461915730934
127,1461915731029
127,1461915731123
127,1461915731217
127,1461915731312
127,1461915731407
127,1461915731501
127,1461915731596
128,1461915731691
129,1461915732792
129,1461915732890
129,1461915732989
130,1461915733091
130,1461915733194
130,1461915733294
130,1461915733395
130,1461915733497
130,1461915733602
130,1461915733703
131,1461915733806
131,1461915733907
131,1461915734009
131,1461915734112
131,1461915734217
131,1461915734320
131,1461915734422
132,1461915734525
133,1461915735633
133,1461915735739
133,1461915735848
134,1461915735954
134,1461915736059
134,1461915736169
134,1461915736276
134,1461915736382
134,1461915736488
134,1461915736593
135,1461915736700
135,1461915736807
135,1461915736914
135,1461915737021
135,1461915737126
135,1461915737232
135,1461915737338
136,1461915737444
136,1461915737550
136,1461915737657
136,1461915737763
136,1461915737869
136,1461915737976
136,1461915738082
137,1461915738190
137,1461915738296
137,1461915738402
137,1461915738508
137,1461915738615
137,1461915738723
137,1461915738830
138,1461915738936
138,1461915739044
138,1461915739151
138,1461915739260
138,1461915739367
138,1461915739473
139,1461915739783
139,1461915739891
139,1461915739999
139,1461915740106
139,1461915740214
140,1461915740324
140,1461915740435
140,1461915740542
140,1461915740649
140,1461915740758
140,1461915740866
140,1461915740974
141,1461915741082
141,1461915741191
141,1461915741299
141,1461915741406
141,1461915741515
141,1461915741624
142,1461915741734
143,1461915742849
143,1461915742961
143,1461915743073
144,1461915743186
144,1461915743300
144,1461915743413
144,1461915743525
144,1461915743638
144,1461915743751
144,1461915743863
145,1461915743977
145,1461915744091
145,1461915744205
145,1461915744318
145,1461915744430
145,1461915744544
146,1461915744658
146,1461915744771
147,1461915745892
147,1461915746013
148,1461915746131
148,1461915746248
148,1461915746365
148,1461915746483
150,1461915747605
150,1461915747727
150,1461915747848
150,1461915747969
152,1461915749095
152,1461915749220
152,1461915749346
152,1461915749472
152,1461915749599
153,1461915749726
153,1461915749855
153,1461915749983
153,1461915750109
153,1461915750239
153,1461915750365
154,1461915750493
154,1461915750619
154,1461915750746
154,1461915750873
154,1461915751004
154,1461915751131
155,1461915751258
155,1461915751384
155,1461915751509
155,1461915751637
155,1461915751769
156,1461915751896
156,1461915752023
156,1461915752150
156,1461915752276
156,1461915752400
156,1461915752524
157,1461915752648
157,1461915752772
157,1461915752895
157,1461915753019
157,1461915753143
159,1461915754272
159,1461915754400
159,1461915754529
159,1461915754657
160,1461915754785
160,1461915754917
160,1461915755046
160,1461915755173
160,1461915755306
160,1461915755433
161,1461915755761
161,1461915755891
161,1461915756021
161,1461915756149
162,1461915756282
162,1461915756413
162,1461915756542
162,1461915756672
162,1461915756801
163,1461915756930
163,1461915757063
163,1461915757192
163,1461915757320
163,1461915757448
163,1461915757578
164,1461915757707
164,1461915757835
164,1461915757963
164,1461915758092
164,1461915758221
165,1461915758350
165,1461915758483
165,1461915758613
165,1461915758743
165,1461915758873
165,1461915759002
166,1461915759131
166,1461915759261
166,1461915759390
166,1461915759519
166,1461915759649
167,1461915759779
167,1461915759908
167,1461915760038
167,1461915760166
167,1461915760297
167,1461915760428
168,1461915760556
168,1461915760687
168,1461915760816
168,1461915760946
168,1461915761075
169,1461915761204
169,1461915761334
169,1461915761463
169,1461915761593
169,1461915761723
169,1461915761853
170,1461915761987
170,1461915762118
170,1461915762247
170,1461915762378
170,1461915762509
171,1461915762642
171,1461915762772
171,1461915762904
171,1461915763035
171,1461915763164
171,1461915763294
172,1461915763425
172,1461915763555
172,1461915763685
172,1461915763816
172,1461915763947
173,1461915764078
173,1461915764209
173,1461915764338
173,1461915764470
173,1461915764601
173,1461915764733
174,1461915764864
174,1461915764994
174,1461915765125
174,1461915765256
176,1461915766393
176,1461915766529
176,1461915766664
176,1461915766798
177,1461915766933
177,1461915767068
177,1461915767209
177,1461915767344
177,1461915767479
178,1461915767615
178,1461915767750
178,1461915767886
178,1461915768021
178,1461915768157
178,1461915768293
179,1461915768431
179,1461915768567
179,1461915768703
179,1461915768838
179,1461915768972
180,1461915769108
181,1461915770249
181,1461915770388
182,1461915770528
182,1461915770672
182,1461915770812
182,1461915770953
182,1461915771093
183,1461915771231
183,1461915771371
183,1461915771511
183,1461915771651
183,1461915771791
184,1461915771931
184,1461915772071
184,1461915772212
184,1461915772352
184,1461915772491
185,1461915772631
185,1461915772772
185,1461915772912
185,1461915773052
185,1461915773191
186,1461915773332
186,1461915773472
187,1461915774620
188,1461915774763
188,1461915774911
188,1461915775056
188,1461915775201
188,1461915775345
189,1461915775489
189,1461915775633
189,1461915775776
189,1461915775920
189,1461915776064
190,1461915776213
190,1461915776359
190,1461915776503
190,1461915776648
190,1461915776792
191,1461915776936
191,1461915777081
191,1461915777226
191,1461915777370
191,1461915777515
192,1461915777659
192,1461915777804
192,1461915777948
192,1461915778093
192,1461915778237
193,1461915778382
193,1461915778527
193,1461915778672
195,1461915779825
195,1461915779974
195,1461915780124
195,1461915780271
195,1461915780420
196,1461915780569
196,1461915780719
196,1461915780867
196,1461915781016
196,1461915781165
197,1461915781314
197,1461915781468
197,1461915781619
197,1461915781768
198,1461915781918
198,1461915782069
198,1461915782219
198,1461915782369
198,1461915782518
199,1461915782667
199,1461915782821
199,1461915782971
199,1461915783120
199,1461915783270
200,1461915783419
200,1461915783569
200,1461915783719
200,1461915783870
200,1461915784020
201,1461915784174
201,1461915784324
201,1461915784473
201,1461915784623
202,1461915784773
202,1461915784923
202,1461915785071
202,1461915785221
202,1461915785371
203,1461915785522
203,1461915785672
203,1461915785821
203,1461915785971
203,1461915786121
204,1461915786277
204,1461915786429
204,1461915786578
204,1461915786729
204,1461915786880
205,1461915787031
205,1461915787182
205,1461915787332
205,1461915787483
206,1461915787638
206,1461915787788
206,1461915787940
206,1461915788092
206,1461915788241
207,1461915788392
207,1461915788542
207,1461915788693
207,1461915788844
207,1461915788999
208,1461915789149
208,1461915789302
208,1461915789452
210,1461915790608
210,1461915790763
210,1461915790919
210,1461915791076
211,1461915791231
211,1461915791386
211,1461915791542
211,1461915791696
211,1461915791851
212,1461915792006
212,1461915792163
212,1461915792318
212,1461915792473
213,1461915792629
213,1461915792784
213,1461915792939
213,1461915793094
213,1461915793250
214,1461915793407
214,1461915793563
214,1461915793718
214,1461915793874
214,1461915794030
215,1461915794191
215,1461915794347
215,1461915794502
215,1461915794658
216,1461915794814
216,1461915794971
216,1461915795127
216,1461915795284
216,1461915795440
217,1461915795595
217,1461915795752
217,1461915795908
217,1461915796065
218,1461915796221
218,1461915796377
218,1461915796531
218,1461915796686
218,1461915796843
219,1461915796998
219,1461915797154
219,1461915797309
219,1461915797464
220,1461915797622
220,1461915797779
220,1461915797936
220,1461915798093
220,1461915798250
221,1461915798408
221,1461915798564
221,1461915798720
221,1461915798877
222,1461915799033
222,1461915799195
222,1461915799352
222,1461915799509
222,1461915799666
224,1461915800829
224,1461915800990
224,1461915801150
225,1461915801311
225,1461915801473
225,1461915801634
227,1461915802801
227,1461915802970
227,1461915803135
227,1461915803302
228,1461915803466
228,1461915803632
228,1461915803797
228,1461915803966
230,1461915805136
232,1461915806311
232,1461915806673
232,1461915806844
234,1461915808024
234,1461915808208
235,1461915808385
235,1461915808562
235,1461915808746
235,1461915808925
236,1461915809103
236,1461915809282
236,1461915809458
236,1461915809636
237,1461915809813
237,1461915809992
237,1461915810170
237,1461915810348
238,1461915810526
238,1461915810705
238,1461915810883
238,1461915811063
239,1461915811242
239,1461915811421
239,1461915811600
239,1461915811786
240,1461915811965
240,1461915812143
240,1461915812320
240,1461915812499
241,1461915812677
241,1461915812861
241,1461915813040
241,1461915813219
242,1461915813397
242,1461915813575
242,1461915813753
242,1461915813937
243,1461915814116
243,1461915814294
243,1461915814478
243,1461915814656
244,1461915814836
244,1461915815016
244,1461915815194
244,1461915815375
245,1461915815553
245,1461915815733
245,1461915815912
245,1461915816090
246,1461915816270
246,1461915816449
246,1461915816628
248,1461915817812
248,1461915817995
248,1461915818179
249,1461915818362
249,1461915818546
249,1461915818734
249,1461915818918
250,1461915819102
250,1461915819286
250,1461915819470
250,1461915819654
251,1461915819838
251,1461915820022
251,1461915820205
253,1461915821400
253,1461915821588
253,1461915821776
254,1461915821964
254,1461915822151
254,1461915822338
254,1461915822532
255,1461915822719
255,1461915822908
255,1461915823095
255,1461915823282
256,1461915823470
256,1461915823664
256,1461915823853
256,1461915824042
257,1461915824230
257,1461915824417
257,1461915824605
258,1461915824793
258,1461915824981
258,1461915825169
258,1461915825355
259,1461915825543
259,1461915825738
259,1461915825926
259,1461915826115
260,1461915826304
260,1461915826491
260,1461915826680
260,1461915826870
261,1461915827059
261,1461915827247
261,1461915827441
262,1461915827630
262,1461915827819
262,1461915828009
262,1461915828198
263,1461915828387
263,1461915828583
263,1461915828772
263,1461915828961
264,1461915829150
264,1461915829342
264,1461915829531
264,1461915829725
265,1461915829914
266,1461915831110
267,1461915831302
267,1461915831494
267,1461915831692
267,1461915831885
268,1461915832078
268,1461915832272
269,1461915832668
269,1461915832861
269,1461915833055
271,1461915834254
271,1461915834453
271,1461915834651
272,1461915834849
272,1461915835047
272,1461915835246
272,1461915835443
274,1461915836645
274,1461915836846
275,1461915837048
275,1461915837249
275,1461915837449
276,1461915837647
276,1461915837847
276,1461915838048
276,1461915838249
277,1461915838448
277,1461915838650
277,1461915838848
277,1461915839050
278,1461915839251
278,1461915839454
278,1461915839654
279,1461915839853
279,1461915840056
279,1461915840264
279,1461915840465
280,1461915840669
280,1461915840870
280,1461915841070
281,1461915841272
281,1461915841473
281,1461915841674
281,1461915841875
282,1461915842075
283,1461915843283
285,1461915844493
285,1461915844702
286,1461915844910
287,1461915846125
288,1461915846339
288,1461915846554
288,1461915846768
289,1461915846982
289,1461915847193
289,1461915847405
289,1461915847619
290,1461915847832
290,1461915848043
290,1461915848255
291,1461915848467
291,1461915848679
291,1461915848893
292,1461915849107
292,1461915849319
292,1461915849532
292,1461915849747
293,1461915849959
293,1461915850174
293,1461915850388
294,1461915850600
294,1461915850815
294,1461915851030
295,1461915851244
295,1461915851456
295,1461915851671
295,1461915851885
296,1461915852106
296,1461915852321
296,1461915852534
297,1461915852748
297,1461915852961
297,1461915853175
298,1461915853390
298,1461915853603
298,1461915853816
298,1461915854029
299,1461915854244
299,1461915854458
299,1461915854671
300,1461915854887
300,1461915855103
300,1461915855326
301,1461915855541
301,1461915855755
301,1461915855975
301,1461915856191
302,1461915856406
302,1461915856621
302,1461915856835
303,1461915857049
304,1461915858272
305,1461915858489
305,1461915858707
305,1461915858926
306,1461915859144
306,1461915859363
306,1461915859582
307,1461915859800
307,1461915860026
307,1461915860248
309,1461915861472
309,1461915861694
309,1461915861916
310,1461915862140
310,1461915862362
310,1461915862583
311,1461915862805
311,1461915863029
311,1461915863253
312,1461915863474
312,1461915863696
312,1461915863919
313,1461915864143
313,1461915864372
313,1461915864598
314,1461915864822
314,1461915865053
314,1461915865278
315,1461915865503
315,1461915865725
315,1461915865949
315,1461915866182
316,1461915866407
316,1461915866630
316,1461915866860
317,1461915867084
317,1461915867309
317,1461915867532
318,1461915867755
318,1461915867977
318,1461915868201
319,1461915868424
320,1461915869653
321,1461915869882
321,1461915870110
321,1461915870338
322,1461915870567
322,1461915870795
322,1461915871024
323,1461915871261
323,1461915871489
323,1461915871718
325,1461915872953
325,1461915873185
326,1461915873416
326,1461915873647
326,1461915873880
327,1461915874112
327,1461915874343
327,1461915874575
328,1461915874806
328,1461915875038
328,1461915875269
329,1461915875510
329,1461915875744
329,1461915875976
329,1461915876217
330,1461915876451
330,1461915876683
330,1461915876916
334,1461915879158
334,1461915879398
334,1461915879638
335,1461915879880
335,1461915880119
335,1461915880359
336,1461915880600
336,1461915880841
336,1461915881083
337,1461915881324
337,1461915881564
337,1461915881812
338,1461915882053
338,1461915882295
338,1461915882535
339,1461915882774
339,1461915883014
339,1461915883255
340,1461915883498
340,1461915883737
340,1461915883978
341,1461915884220
341,1461915884460
341,1461915884702
342,1461915884944
342,1461915885183
342,1461915885433
343,1461915885675
343,1461915885915
343,1461915886156
344,1461915886395
344,1461915886636
344,1461915886886
345,1461915887129
345,1461915887370
345,1461915887611
346,1461915887850
346,1461915888093
346,1461915888334
347,1461915888577
347,1461915888819
347,1461915889059
348,1461915889300
348,1461915889541
349,1461915889783
350,1461915891030
351,1461915891276
351,1461915891530
351,1461915891777
352,1461915892023
352,1461915892268
352,1461915892512
353,1461915892758
353,1461915893005
353,1461915893252
354,1461915893498
355,1461915894751
356,1461915895000
356,1461915895258
357,1461915895509
357,1461915895761
357,1461915896010
358,1461915896259
358,1461915896509
358,1461915896767
359,1461915897018
359,1461915897270
359,1461915897520
360,1461915897769
360,1461915898019
360,1461915898269
361,1461915898520
361,1461915898771
361,1461915899021
362,1461915899271
362,1461915899522
362,1461915899771
363,1461915900023
363,1461915900273
364,1461915900533
364,1461915900784
364,1461915901034
365,1461915901286
365,1461915901535
365,1461915901786
366,1461915902036
366,1461915902289
366,1461915902538
367,1461915902787
367,1461915903038
367,1461915903288
368,1461915903541
368,1461915903791
368,1461915904042
369,1461915904294
369,1461915904544
370,1461915904796
370,1461915905047
370,1461915905297
371,1461915905548
371,1461915905801
371,1461915906052
372,1461915906312
372,1461915906565
372,1461915906815
373,1461915907067
373,1461915907320
373,1461915907572
374,1461915907824
374,1461915908075
374,1461915908326
375,1461915908578
375,1461915908830
376,1461915909081
376,1461915909333
376,1461915909586
377,1461915909840
377,1461915910099
377,1461915910352
378,1461915910605
378,1461915910857
378,1461915911110
379,1461915911361
379,1461915911614
379,1461915911866
380,1461915912119
380,1461915912372
380,1461915912623
381,1461915912876
381,1461915913129
382,1461915913383
382,1461915913635
382,1461915913889
383,1461915914141
383,1461915914402
383,1461915914656
384,1461915914909
384,1461915915161
384,1461915915415
385,1461915915668
385,1461915915921
385,1461915916172
386,1461915916423
386,1461915916675
387,1461915916930
387,1461915917182
387,1461915917434
388,1461915917686
388,1461915917941
388,1461915918204
389,1461915918458
389,1461915918711
389,1461915918963
390,1461915919214
390,1461915919467
390,1461915919721
391,1461915919977
391,1461915920229
391,1461915920481
392,1461915920735
392,1461915920989
393,1461915921251
393,1461915921506
393,1461915921759
394,1461915922020
394,1461915922274
394,1461915922528
395,1461915922780
395,1461915923035
395,1461915923288
396,1461915923551
396,1461915923806
396,1461915924059
397,1461915924313
397,1461915924565
398,1461915924820
398,1461915925082
398,1461915925337
399,1461915925592
399,1461915925846
399,1461915926097
400,1461915926353
400,1461915926607
400,1461915926861
401,1461915927114
401,1461915927366
401,1461915927619
402,1461915927875
402,1461915928131
403,1461915928384
403,1461915928639
403,1461915928895
404,1461915929148
404,1461915929411
404,1461915929667
405,1461915929922
405,1461915930185
405,1461915930441
406,1461915930698
406,1461915930953
407,1461915931208
407,1461915931464
407,1461915931727
408,1461915931984
408,1461915932239
408,1461915932493
409,1461915932747
409,1461915933002
409,1461915933265
410,1461915933520
410,1461915933776
410,1461915934031
411,1461915934286
411,1461915934540
412,1461915934797
412,1461915935053
412,1461915935307
413,1461915935563
413,1461915935817
413,1461915936081
414,1461915936337
414,1461915936592
414,1461915936847
415,1461915937101
415,1461915937356
415,1461915937611
416,1461915937868
416,1461915938123
417,1461915938381
417,1461915938638
417,1461915938895
418,1461915939150
418,1461915939404
418,1461915939662
419,1461915939916
419,1461915940173
419,1461915940428
420,1461915940683
420,1461915940939
420,1461915941196
421,1461915941451
421,1461915941709
422,1461915941965
422,1461915942221
422,1461915942478
423,1461915942732
423,1461915942996
423,1461915943252
424,1461915943509
424,1461915943767
424,1461915944024
425,1461915944290
425,1461915944545
426,1461915944801
426,1461915945058
426,1461915945313
427,1461915945570
427,1461915945826
427,1461915946083
428,1461915946339
428,1461915946596
428,1461915946853
429,1461915947108
429,1461915947365
429,1461915947620
430,1461915947877
430,1461915948133
431,1461915948390
431,1461915948647
431,1461915948902
432,1461915949160
432,1461915949417
432,1461915949673
433,1461915949931
433,1461915950188
433,1461915950445
434,1461915950702
434,1461915950960
435,1461915951225
435,1461915951482
435,1461915951740
436,1461915951996
436,1461915952251
436,1461915952509
437,1461915952766
437,1461915953024
437,1461915953281
438,1461915953546
438,1461915953805
439,1461915954062
439,1461915954320
439,1461915954575
440,1461915954834
440,1461915955092
440,1461915955353
441,1461915955612
441,1461915955878
441,1461915956135
442,1461915956394
442,1461915956653
443,1461915956910
443,1461915957169
443,1461915957428
444,1461915957686
444,1461915957945
444,1461915958204
445,1461915958462
445,1461915958720
445,1461915958977
446,1461915959233
446,1461915959492
446,1461915959750
447,1461915960008
447,1461915960265
448,1461915960524
448,1461915960782
448,1461915961040
449,1461915961299
449,1461915961559
449,1461915961827
450,1461915962087
450,1461915962347
450,1461915962607
451,1461915962865
453,1461915964128
453,1461915964390
453,1461915964653
453,1461915964915
455,1461915966194
456,1461915966462
456,1461915966728
457,1461915966995
457,1461915967259
459,1461915968530
459,1461915968800
460,1461915969073
460,1461915969342
460,1461915969613
461,1461915969884
461,1461915970155
461,1461915970424
462,1461915970694
462,1461915970964
463,1461915971235
463,1461915971505
463,1461915971777
464,1461915972047
464,1461915972317
464,1461915972588
465,1461915972859
465,1461915973129
466,1461915973400
466,1461915973672
466,1461915973944
467,1461915974215
467,1461915974487
467,1461915974759
468,1461915975039
468,1461915975312
470,1461915976590
470,1461915976865
471,1461915977140
471,1461915977415
472,1461915977691
472,1461915977968
472,1461915978244
473,1461915978528
473,1461915978805
474,1461915979081
474,1461915979357
474,1461915979630
475,1461915979907
475,1461915980184
477,1461915981468
477,1461915981746
478,1461915982037
478,1461915982317
478,1461915982595
479,1461915982876
479,1461915983154
480,1461915983434
480,1461915983712
480,1461915983992
481,1461915984272
481,1461915984553
482,1461915984832
482,1461915985110
482,1461915985390
483,1461915985671
483,1461915985963
484,1461915986244
484,1461915986524
484,1461915986803
485,1461915987085
485,1461915987562
486,1461915987845
486,1461915988127
487,1461915988408
487,1461915988697
489,1461915989987
489,1461915990274
490,1461915990558
490,1461915990841
490,1461915991125
491,1461915991411
491,1461915991697
492,1461915991981
492,1461915992275
492,1461915992569
493,1461915992855
493,1461915993140
494,1461915993425
494,1461915993712
494,1461915994000
495,1461915994286
495,1461915994582
496,1461915994868
496,1461915995154
496,1461915995441
497,1461915995737
497,1461915996025
498,1461915996311
498,1461915996596
498,1461915996879
499,1461915997166
499,1461915997461
500,1461915997749
500,1461915998037
500,1461915998332
501,1461915998619
501,1461915998904
502,1461915999191
502,1461915999475
502,1461915999762
503,1461916000047
503,1461916000334
504,1461916000618
504,1461916000904
506,1461916002197
506,1461916002487
507,1461916002778
507,1461916003068
508,1461916003358
508,1461916003650
508,1461916003942
509,1461916004240
509,1461916004532
510,1461916004821
510,1461916005111
510,1461916005402
511,1461916005693
511,1461916005993
512,1461916006284
512,1461916006575
512,1461916006864
513,1461916007154
513,1461916007444
514,1461916007743
514,1461916008035
514,1461916008325
515,1461916008625
515,1461916008917
516,1461916009207
516,1461916009497
517,1461916009786
518,1461916011082
519,1461916011377
519,1461916011674
520,1461916011970
520,1461916012265
520,1461916012562
521,1461916012857
523,1461916014159
524,1461916015462
525,1461916015764
525,1461916016066
526,1461916016369
526,1461916016672
527,1461916016976
527,1461916017278
527,1461916017582
528,1461916017882
528,1461916018185
529,1461916018489
529,1461916018793
530,1461916019097
531,1461916020406
532,1461916020713
532,1461916021019
533,1461916021326
533,1461916021634
534,1461916021941
534,1461916022249
534,1461916022557
535,1461916022864
535,1461916023172
536,1461916023482
536,1461916023789
537,1461916024105
537,1461916024415
537,1461916024723
538,1461916025030
538,1461916025336
539,1461916025645
539,1461916025953
540,1461916026261
540,1461916026570
540,1461916026875
541,1461916027185
541,1461916027493
542,1461916027804
542,1461916028111
544,1461916029425
544,1461916029736
545,1461916030048
547,1461916031365
547,1461916031682
548,1461916031999
548,1461916032314
548,1461916032631
549,1461916032947
549,1461916033263
550,1461916033580
550,1461916033896
551,1461916034214
551,1461916034530
552,1461916034846
552,1461916035165
552,1461916035484
553,1461916035799
553,1461916036124
554,1461916036442
554,1461916036758
555,1461916037075
555,1461916037390
556,1461916037706
556,1461916038033
558,1461916039359
558,1461916039679
559,1461916040000
559,1461916040318
560,1461916040639
560,1461916040960
561,1461916041281
561,1461916041602
561,1461916041923
562,1461916042245
562,1461916042567
563,1461916042890
563,1461916043208
564,1461916043530
564,1461916043850
565,1461916044172
565,1461916044493
566,1461916044814
566,1461916045133
566,1461916045453
567,1461916045774
567,1461916046098
568,1461916046420
568,1461916046741
569,1461916047060
569,1461916047381
570,1461916047703
570,1461916048026
570,1461916048347
571,1461916048668
571,1461916048993
572,1461916049325
572,1461916049649
573,1461916049971
573,1461916050294
574,1461916050613
574,1461916050934
575,1461916051256
575,1461916051578
575,1461916051900
576,1461916052223
576,1461916052548
577,1461916052871
577,1461916053193
578,1461916053514
578,1461916053835
579,1461916054156
579,1461916054479
580,1461916054801
580,1461916055124
580,1461916055445
581,1461916055768
581,1461916056090
582,1461916056413
582,1461916056735
583,1461916057058
583,1461916057379
584,1461916057702
584,1461916058024
585,1461916058347
585,1461916058669
585,1461916058992
586,1461916059315
586,1461916059639
587,1461916059963
587,1461916060285
588,1461916060609
588,1461916060935
589,1461916061257
589,1461916061588
589,1461916061913
590,1461916062236
592,1461916063564
592,1461916063888
593,1461916064215
593,1461916064541
594,1461916064869
594,1461916065196
595,1461916065534
595,1461916065863
595,1461916066189
596,1461916066517
596,1461916066847
597,1461916067174
597,1461916067514
598,1461916067841
598,1461916068169
599,1461916068497
599,1461916068825
600,1461916069151
600,1461916069490
601,1461916069818
601,1461916070145
601,1461916070473
602,1461916070799
602,1461916071126
603,1461916071455
603,1461916071784
604,1461916072112
604,1461916072439
605,1461916072768
605,1461916073107
606,1461916073434
606,1461916073761
607,1461916074090
607,1461916074416
607,1461916074745
608,1461916075073
608,1461916075401
609,1461916075730
609,1461916076067
610,1461916076397
610,1461916076727
611,1461916077055
611,1461916077385
612,1461916077715
612,1461916078054
613,1461916078385
613,1461916078713
613,1461916079042
614,1461916079372
614,1461916079701
615,1461916080041
615,1461916080371
616,1461916080701
616,1461916081031
617,1461916081358
617,1461916081685
618,1461916082014
618,1461916082344
619,1461916082673
619,1461916083001
619,1461916083331
620,1461916083661
620,1461916083991
621,1461916084322
621,1461916084651
622,1461916084992
622,1461916085322
623,1461916085652
623,1461916085981
624,1461916086308
624,1461916086637
625,1461916086967
625,1461916087293
626,1461916087624
626,1461916087952
626,1461916088283
627,1461916088612
627,1461916088942
628,1461916089273
628,1461916089602
629,1461916089942
629,1461916090272
630,1461916090602
630,1461916090941
631,1461916091270
631,1461916091599
632,1461916091928
632,1461916092257
632,1461916092588
633,1461916092920
633,1461916093250
634,1461916093580
634,1461916093910
635,1461916094241
635,1461916094573
636,1461916094904
636,1461916095233
637,1461916095575
637,1461916095906
638,1461916096239
638,1461916096569
638,1461916096897
639,1461916097228
639,1461916097557
640,1461916097887
642,1461916099223
642,1461916099558
643,1461916099894
643,1461916100229
644,1461916100564
644,1461916100900
645,1461916101234
645,1461916101580
646,1461916101915
646,1461916102249
646,1461916102595
647,1461916102930
647,1461916103267
648,1461916103603
648,1461916103937
649,1461916104285
649,1461916104620
650,1461916104955
650,1461916105300
651,1461916105635
651,1461916105970
652,1461916106306
652,1461916106640
653,1461916106976
653,1461916107311
