0,1461917062398
0,1461917062411
0,1461917062424
0,1461917062437
0,1461917062450
0,1461917062463
0,1461917062476
0,1461917062488
0,1461917062501
0,1461917062514
0,1461917062527
0,1461917062541
0,1461917062554
0,1461917062567
0,1461917062581
0,1461917062594
0,1461917062608
0,1461917062621
0,1461917062635
0,1461917062648
0,1461917062661
0,1461917062675
0,1461917062688
0,1461917062701
0,1461917062715
0,1461917062728
0,1461917062741
0,1461917062753
0,1461917062766
0,1461917062778
0,1461917062790
0,1461917062803
0,1461917062816
0,1461917062828
0,1461917062841
0,1461917062854
0,1461917062866
0,1461917062878
0,1461917062891
0,1461917062903
0,1461917062916
0,1461917062929
0,1461917062941
0,1461917062953
0,1461917062966
0,1461917062978
0,1461917062991
0,1461917063003
0,1461917063016
0,1461917063028
0,1461917063041
0,1461917063053
0,1461917063066
0,1461917063078
0,1461917063091
0,1461917063103
0,1461917063116
0,1461917063128
0,1461917063141
0,1461917063153
0,1461917063166
0,1461917063178
0,1461917063191
0,1461917063203
0,1461917063216
0,1461917063229
0,1461917063243
0,1461917063256
0,1461917063270
0,1461917063283
0,1461917063297
0,1461917063309
0,1461917063322
0,1461917063334
0,1461917063347
0,1461917063359
0,1461917063372
0,1461917063384
0,1461917063397
0,1461917063409
0,1461917063422
0,1461917063435
0,1461917063447
0,1461917063460
0,1461917063472
0,1461917063485
0,1461917063497
0,1461917063509
0,1461917063522
0,1461917063534
0,1461917063547
0,1461917063560
0,1461917063572
0,1461917063585
0,1461917063597
0,1461917063610
0,1461917063622
0,1461917063635
0,1461917063647
0,1461917063659
0,1461917063672
0,1461917063685
0,1461917063697
0,1461917063710
0,1461917063722
0,1461917063735
0,1461917063747
0,1461917063760
0,1461917063772
0,1461917063785
0,1461917063797
0,1461917063810
0,1461917063822
0,1461917063835
0,1461917063847
0,1461917063860
0,1461917063872
0,1461917063885
0,1461917063897
0,1461917063910
0,1461917063922
0,1461917063934
0,1461917063946
0,1461917063959
0,1461917063971
0,1461917063984
0,1461917063996
0,1461917064008
0,1461917064021
0,1461917064033
0,1461917064046
0,1461917064058
0,1461917064071
0,1461917064083
0,1461917064096
0,1461917064108
0,1461917064120
0,1461917064133
0,1461917064145
0,1461917064157
0,1461917064170
0,1461917064182
0,1461917064194
0,1461917064207
0,1461917064219
0,1461917064232
0,1461917064244
0,1461917064256
0,1461917064269
0,1461917064281
0,1461917064294
0,1461917064307
0,1461917064320
0,1461917064333
0,1461917064346
0,1461917064359
0,1461917064372
0,1461917064386
0,1461917064399
0,1461917064412
0,1461917064425
0,1461917064438
0,1461917064452
0,1461917064465
0,1461917064478
0,1461917064491
0,1461917064504
0,1461917064518
0,1461917064532
0,1461917064545
0,1461917064558
0,1461917064572
0,1461917064585
0,1461917064598
0,1461917064612
0,1461917064625
0,1461917064639
0,1461917064652
0,1461917064666
0,1461917064680
0,1461917064693
0,1461917064706
0,1461917064720
0,1461917064733
0,1461917064746
0,1461917064760
0,1461917064773
0,1461917064786
0,1461917064800
0,1461917064813
0,1461917064827
0,1461917064840
0,1461917064853
0,1461917064866
0,1461917064880
0,1461917064893
0,1461917064907
0,1461917064920
0,1461917064933
0,1461917064947
0,1461917064960
0,1461917064973
0,1461917064986
0,1461917065000
0,1461917065013
0,1461917065026
0,1461917065040
0,1461917065053
0,1461917065066
0,1461917065079
0,1461917065093
0,1461917065106
0,1461917065119
0,1461917065133
0,1461917065146
0,1461917065159
0,1461917065173
0,1461917065186
0,1461917065200
0,1461917065213
0,1461917065227
0,1461917065240
0,1461917065254
0,1461917065267
0,1461917065281
0,1461917065294
0,1461917065308
0,1461917065322
0,1461917065335
0,1461917065349
0,1461917065362
0,1461917065376
0,1461917065389
0,1461917065403
0,1461917065417
0,1461917065430
0,1461917065443
0,1461917065457
0,1461917065470
0,1461917065484
0,1461917065498
0,1461917065511
0,1461917065525
0,1461917065538
0,1461917065552
0,1461917065565
0,1461917065579
0,1461917065592
0,1461917065606
0,1461917065619
0,1461917065633
0,1461917065646
0,1461917065660
0,1461917065673
0,1461917065687
0,1461917065700
0,1461917065713
0,1461917065727
0,1461917065740
0,1461917065754
0,1461917065768
0,1461917065781
0,1461917065793
0,1461917065806
0,1461917065819
0,1461917065831
0,1461917065844
0,1461917065856
0,1461917065869
0,1461917065881
0,1461917065894
0,1461917065906
0,1461917065918
0,1461917065931
0,1461917065943
0,1461917065955
0,1461917065968
0,1461917065980
0,1461917065992
0,1461917066005
0,1461917066017
0,1461917066029
0,1461917066041
0,1461917066053
0,1461917066065
0,1461917066077
0,1461917066089
0,1461917066101
0,1461917066112
0,1461917066123
0,1461917066133
0,1461917066143
0,1461917066153
0,1461917066162
0,1461917066173
0,1461917066183
0,1461917066192
0,1461917066202
0,1461917066210
0,1461917066220
0,1461917066230
0,1461917066239
0,1461917066248
0,1461917066256
0,1461917066266
0,1461917066275
0,1461917066285
0,1461917066294
0,1461917066303
0,1461917066312
0,1461917066321
0,1461917066330
0,1461917066340
0,1461917066349
0,1461917066358
0,1461917066366
0,1461917066376
0,1461917066385
0,1461917066394
0,1461917066403
0,1461917066412
0,1461917066422
0,1461917066431
0,1461917066441
0,1461917066450
0,1461917066460
0,1461917066469
0,1461917066478
0,1461917066487
0,1461917066497
0,1461917066506
0,1461917066516
0,1461917066525
0,1461917066535
0,1461917066545
0,1461917066554
0,1461917066564
0,1461917066574
0,1461917066583
0,1461917066593
0,1461917066603
0,1461917066612
0,1461917066622
0,1461917066632
0,1461917066642
0,1461917066651
0,1461917066661
0,1461917066671
0,1461917066680
0,1461917066690
0,1461917066699
0,1461917066708
0,1461917066718
0,1461917066728
0,1461917066737
0,1461917066747
0,1461917066756
0,1461917066765
0,1461917066775
0,1461917066784
0,1461917066794
0,1461917066803
0,1461917066813
0,1461917066822
0,1461917066832
0,1461917066841
0,1461917066851
0,1461917066861
0,1461917066871
0,1461917066881
0,1461917066890
0,1461917066899
0,1461917066909
0,1461917066918
1,1461917066927
1,1461917066937
1,1461917066947
1,1461917066958
1,1461917066969
1,1461917066980
1,1461917066989
1,1461917066999
1,1461917067008
1,1461917067018
1,1461917067027
1,1461917067037
1,1461917067046
1,1461917067056
1,1461917067065
1,1461917067075
1,1461917067085
1,1461917067095
1,1461917067104
1,1461917067113
1,1461917067123
1,1461917067133
1,1461917067142
1,1461917067152
1,1461917067162
1,1461917067172
1,1461917067182
1,1461917067191
1,1461917067201
1,1461917067210
1,1461917067220
1,1461917067229
1,1461917067239
1,1461917067249
1,1461917067259
1,1461917067269
1,1461917067278
1,1461917067288
1,1461917067298
1,1461917067307
1,1461917067317
1,1461917067327
1,1461917067336
1,1461917067346
1,1461917067356
1,1461917067366
1,1461917067376
1,1461917067385
1,1461917067395
1,1461917067405
1,1461917067414
1,1461917067424
1,1461917067434
1,1461917067443
1,1461917067453
1,1461917067463
1,1461917067472
1,1461917067482
1,1461917067492
1,1461917067501
1,1461917067511
1,1461917067521
1,1461917067531
1,1461917067540
1,1461917067550
1,1461917067560
1,1461917067570
1,1461917067580
1,1461917067591
1,1461917067600
1,1461917067610
1,1461917067620
1,1461917067630
1,1461917067639
1,1461917067649
1,1461917067659
1,1461917067669
1,1461917067678
1,1461917067689
1,1461917067699
1,1461917067709
1,1461917067719
2,1461917067729
2,1461917067739
2,1461917067749
2,1461917067759
2,1461917067769
2,1461917067779
2,1461917067789
2,1461917067799
2,1461917067809
2,1461917067819
2,1461917067829
2,1461917067839
2,1461917067849
2,1461917067859
2,1461917067869
2,1461917067880
2,1461917067890
2,1461917067900
2,1461917067910
2,1461917067920
2,1461917067930
2,1461917067939
2,1461917067949
2,1461917067960
2,1461917067970
2,1461917067980
2,1461917067990
2,1461917068000
2,1461917068010
2,1461917068020
2,1461917068030
2,1461917068040
2,1461917068050
2,1461917068060
2,1461917068070
2,1461917068081
2,1461917068091
2,1461917068100
2,1461917068110
2,1461917068120
2,1461917068130
2,1461917068140
2,1461917068150
2,1461917068160
2,1461917068170
2,1461917068180
2,1461917068190
2,1461917068200
2,1461917068210
2,1461917068220
2,1461917068230
2,1461917068240
2,1461917068250
2,1461917068260
2,1461917068270
2,1461917068280
2,1461917068290
2,1461917068300
2,1461917068310
2,1461917068321
2,1461917068331
2,1461917068341
2,1461917068351
2,1461917068361
2,1461917068371
2,1461917068381
2,1461917068392
2,1461917068402
2,1461917068411
2,1461917068421
2,1461917068431
2,1461917068442
2,1461917068453
2,1461917068463
2,1461917068473
2,1461917068483
2,1461917068493
2,1461917068503
2,1461917068513
2,1461917068523
3,1461917068533
3,1461917068544
3,1461917068554
3,1461917068564
3,1461917068575
3,1461917068585
3,1461917068595
3,1461917068606
3,1461917068616
3,1461917068626
3,1461917068637
3,1461917068647
3,1461917068657
3,1461917068667
3,1461917068678
3,1461917068688
3,1461917068699
3,1461917068709
3,1461917068720
3,1461917068730
3,1461917068740
3,1461917068751
3,1461917068761
3,1461917068772
3,1461917068782
3,1461917068792
3,1461917068802
3,1461917068813
3,1461917068824
3,1461917068835
3,1461917068845
3,1461917068856
3,1461917068867
3,1461917068879
3,1461917068892
3,1461917068904
3,1461917068916
3,1461917068929
3,1461917068940
3,1461917068951
3,1461917068962
3,1461917068972
3,1461917068983
3,1461917068993
3,1461917069004
3,1461917069014
3,1461917069025
3,1461917069035
3,1461917069046
3,1461917069056
3,1461917069067
3,1461917069077
3,1461917069087
3,1461917069098
3,1461917069109
3,1461917069119
3,1461917069129
3,1461917069140
3,1461917069151
3,1461917069161
3,1461917069172
3,1461917069183
3,1461917069193
3,1461917069204
3,1461917069214
3,1461917069225
3,1461917069235
3,1461917069246
3,1461917069257
3,1461917069267
3,1461917069278
3,1461917069289
3,1461917069300
3,1461917069310
3,1461917069321
3,1461917069331
4,1461917069342
4,1461917069353
4,1461917069363
4,1461917069374
4,1461917069385
4,1461917069395
4,1461917069406
4,1461917069417
4,1461917069428
4,1461917069439
4,1461917069450
4,1461917069460
4,1461917069471
4,1461917069482
4,1461917069493
4,1461917069503
4,1461917069514
4,1461917069524
4,1461917069535
4,1461917069546
4,1461917069557
4,1461917069568
4,1461917069579
4,1461917069590
4,1461917069601
4,1461917069612
4,1461917069623
4,1461917069634
4,1461917069645
4,1461917069656
4,1461917069666
4,1461917069677
4,1461917069688
4,1461917069699
4,1461917069710
4,1461917069721
4,1461917069732
4,1461917069743
4,1461917069754
4,1461917069766
4,1461917069777
4,1461917069788
4,1461917069799
4,1461917069810
4,1461917069820
4,1461917069831
4,1461917069842
4,1461917069853
4,1461917069864
4,1461917069876
4,1461917069887
4,1461917069899
4,1461917069910
4,1461917069921
4,1461917069932
4,1461917069943
4,1461917069954
4,1461917069965
4,1461917069976
4,1461917069987
4,1461917069999
4,1461917070010
4,1461917070021
4,1461917070032
4,1461917070043
4,1461917070054
4,1461917070066
4,1461917070077
4,1461917070088
4,1461917070100
4,1461917070110
4,1461917070121
4,1461917070133
5,1461917070144
5,1461917070155
5,1461917070166
5,1461917070177
5,1461917070188
5,1461917070200
5,1461917070211
5,1461917070223
5,1461917070236
5,1461917070248
5,1461917070259
5,1461917070271
5,1461917070282
5,1461917070293
5,1461917070304
5,1461917070315
5,1461917070326
5,1461917070338
5,1461917070349
5,1461917070360
5,1461917070371
5,1461917070382
5,1461917070394
5,1461917070405
5,1461917070416
5,1461917070428
5,1461917070439
5,1461917070451
5,1461917070462
5,1461917070474
5,1461917070486
5,1461917070497
5,1461917070509
5,1461917070520
5,1461917070531
5,1461917070542
5,1461917070554
5,1461917070564
5,1461917070576
5,1461917070587
5,1461917070599
5,1461917070610
5,1461917070622
5,1461917070633
5,1461917070644
5,1461917070656
5,1461917070667
5,1461917070679
5,1461917070690
5,1461917070701
5,1461917070712
5,1461917070724
5,1461917070735
5,1461917070747
5,1461917070759
5,1461917070770
5,1461917070782
5,1461917070793
5,1461917070804
5,1461917070816
5,1461917070828
5,1461917070840
5,1461917070851
5,1461917070863
5,1461917070874
5,1461917070886
5,1461917070898
5,1461917070910
5,1461917070921
5,1461917070933
6,1461917070944
6,1461917070956
6,1461917070968
6,1461917070980
6,1461917070992
6,1461917071003
6,1461917071014
6,1461917071026
6,1461917071038
6,1461917071050
6,1461917071061
6,1461917071073
6,1461917071085
6,1461917071096
6,1461917071108
6,1461917071120
6,1461917071131
6,1461917071143
6,1461917071155
6,1461917071166
6,1461917071178
6,1461917071190
6,1461917071202
6,1461917071214
6,1461917071227
6,1461917071239
6,1461917071252
6,1461917071265
6,1461917071278
6,1461917071292
6,1461917071305
6,1461917071319
6,1461917071332
6,1461917071346
6,1461917071359
6,1461917071373
6,1461917071386
6,1461917071399
6,1461917071413
6,1461917071426
6,1461917071440
6,1461917071453
6,1461917071466
6,1461917071480
6,1461917071493
6,1461917071506
6,1461917071520
6,1461917071534
6,1461917071547
6,1461917071560
6,1461917071574
6,1461917071587
6,1461917071601
6,1461917071615
6,1461917071628
6,1461917071641
6,1461917071655
6,1461917071669
6,1461917071682
6,1461917071697
6,1461917071709
6,1461917071721
6,1461917071733
6,1461917071745
6,1461917071757
7,1461917071769
7,1461917071782
7,1461917071794
7,1461917071806
7,1461917071818
7,1461917071831
7,1461917071843
7,1461917071856
7,1461917071868
7,1461917071880
7,1461917071893
7,1461917071905
7,1461917071917
7,1461917071930
7,1461917071942
7,1461917071955
7,1461917071967
7,1461917071980
7,1461917071992
7,1461917072004
7,1461917072016
7,1461917072029
7,1461917072041
7,1461917072054
7,1461917072066
7,1461917072078
7,1461917072091
7,1461917072103
7,1461917072115
7,1461917072127
7,1461917072140
7,1461917072152
7,1461917072165
7,1461917072177
7,1461917072190
7,1461917072202
7,1461917072215
7,1461917072227
7,1461917072239
7,1461917072251
7,1461917072264
7,1461917072276
7,1461917072289
7,1461917072301
7,1461917072314
7,1461917072326
7,1461917072339
7,1461917072351
7,1461917072363
7,1461917072376
7,1461917072389
7,1461917072401
7,1461917072414
7,1461917072426
7,1461917072438
7,1461917072451
7,1461917072463
7,1461917072476
7,1461917072489
7,1461917072501
7,1461917072514
7,1461917072526
7,1461917072539
7,1461917072551
8,1461917072564
8,1461917072577
8,1461917072589
8,1461917072602
8,1461917072615
8,1461917072627
8,1461917072640
8,1461917072653
8,1461917072665
8,1461917072677
8,1461917072690
8,1461917072704
8,1461917072716
8,1461917072729
8,1461917072742
8,1461917072757
8,1461917072772
8,1461917072786
8,1461917072800
8,1461917072815
8,1461917072829
8,1461917072843
8,1461917072857
8,1461917072870
8,1461917072883
8,1461917072896
8,1461917072909
8,1461917072922
8,1461917072935
8,1461917072947
8,1461917072960
8,1461917072973
8,1461917072986
8,1461917072999
8,1461917073012
8,1461917073025
8,1461917073038
8,1461917073051
8,1461917073063
8,1461917073076
8,1461917073090
8,1461917073104
8,1461917073116
8,1461917073129
8,1461917073142
8,1461917073156
8,1461917073169
8,1461917073183
8,1461917073196
8,1461917073209
8,1461917073222
8,1461917073235
8,1461917073248
8,1461917073261
8,1461917073274
8,1461917073287
8,1461917073301
8,1461917073314
8,1461917073328
8,1461917073341
8,1461917073354
9,1461917073367
9,1461917073380
9,1461917073393
9,1461917073407
9,1461917073420
9,1461917073433
9,1461917073447
9,1461917073460
9,1461917073473
9,1461917073487
9,1461917073500
9,1461917073513
9,1461917073526
9,1461917073539
9,1461917073553
9,1461917073566
9,1461917073579
9,1461917073593
9,1461917073606
9,1461917073620
9,1461917073633
9,1461917073646
9,1461917073659
9,1461917073672
9,1461917073686
9,1461917073699
9,1461917073713
9,1461917073726
9,1461917073739
9,1461917073752
9,1461917073766
9,1461917073779
9,1461917073793
9,1461917073806
9,1461917073820
9,1461917073834
9,1461917073848
9,1461917073861
9,1461917073875
9,1461917073888
9,1461917073902
9,1461917073915
9,1461917073930
9,1461917073945
9,1461917073960
9,1461917073976
9,1461917073991
9,1461917074006
9,1461917074020
9,1461917074034
9,1461917074048
9,1461917074061
9,1461917074075
9,1461917074088
9,1461917074102
9,1461917074116
9,1461917074129
9,1461917074143
9,1461917074157
10,1461917074171
10,1461917074184
10,1461917074197
10,1461917074211
10,1461917074225
10,1461917074238
10,1461917074252
10,1461917074266
10,1461917074280
10,1461917074293
10,1461917074307
10,1461917074321
10,1461917074334
10,1461917074348
10,1461917074362
10,1461917074376
10,1461917074390
10,1461917074403
10,1461917074417
10,1461917074431
10,1461917074444
10,1461917074458
10,1461917074473
10,1461917074487
10,1461917074502
10,1461917074516
10,1461917074530
10,1461917074544
10,1461917074558
10,1461917074572
10,1461917074586
10,1461917074600
10,1461917074614
10,1461917074628
10,1461917074642
10,1461917074656
10,1461917074671
10,1461917074684
10,1461917074698
10,1461917074713
10,1461917074727
10,1461917074741
10,1461917074756
10,1461917074770
10,1461917074784
10,1461917074798
10,1461917074812
10,1461917074826
10,1461917074840
10,1461917074854
10,1461917074869
10,1461917074883
10,1461917074897
10,1461917074911
10,1461917074926
10,1461917074940
10,1461917074954
11,1461917074968
11,1461917074983
11,1461917074997
11,1461917075011
11,1461917075026
11,1461917075042
11,1461917075058
11,1461917075074
11,1461917075089
11,1461917075105
11,1461917075121
11,1461917075138
11,1461917075154
11,1461917075170
11,1461917075186
11,1461917075202
11,1461917075217
11,1461917075231
11,1461917075246
11,1461917075260
11,1461917075275
11,1461917075289
11,1461917075304
11,1461917075318
11,1461917075333
11,1461917075347
11,1461917075362
11,1461917075377
11,1461917075391
11,1461917075405
11,1461917075420
11,1461917075434
11,1461917075449
11,1461917075464
11,1461917075478
11,1461917075492
11,1461917075507
11,1461917075522
11,1461917075537
11,1461917075551
11,1461917075566
11,1461917075581
11,1461917075595
11,1461917075609
11,1461917075623
11,1461917075638
11,1461917075653
11,1461917075667
11,1461917075682
11,1461917075697
11,1461917075711
11,1461917075726
11,1461917075741
11,1461917075756
12,1461917075771
12,1461917075786
12,1461917075801
12,1461917075815
12,1461917075830
12,1461917075845
12,1461917075860
12,1461917075874
12,1461917075889
12,1461917075904
12,1461917075919
12,1461917075934
12,1461917075948
12,1461917075964
12,1461917075979
12,1461917075993
12,1461917076008
12,1461917076023
12,1461917076038
12,1461917076053
12,1461917076068
12,1461917076084
12,1461917076099
12,1461917076114
12,1461917076129
12,1461917076144
12,1461917076159
12,1461917076176
12,1461917076192
12,1461917076209
12,1461917076226
12,1461917076242
12,1461917076259
12,1461917076276
12,1461917076292
12,1461917076308
12,1461917076325
12,1461917076341
12,1461917076357
12,1461917076374
12,1461917076391
12,1461917076407
12,1461917076422
12,1461917076437
12,1461917076452
12,1461917076468
12,1461917076483
12,1461917076498
12,1461917076513
12,1461917076528
12,1461917076543
12,1461917076559
13,1461917076574
13,1461917076590
13,1461917076605
13,1461917076620
13,1461917076635
13,1461917076651
13,1461917076666
13,1461917076681
13,1461917076696
13,1461917076711
13,1461917076726
13,1461917076742
13,1461917076758
13,1461917076773
13,1461917076789
13,1461917076804
13,1461917076820
13,1461917076836
13,1461917076851
13,1461917076867
13,1461917076882
13,1461917076898
13,1461917076913
13,1461917076928
13,1461917076944
13,1461917076959
13,1461917076975
13,1461917076990
13,1461917077006
13,1461917077022
13,1461917077037
13,1461917077053
13,1461917077068
13,1461917077084
13,1461917077100
13,1461917077115
13,1461917077131
13,1461917077147
13,1461917077163
13,1461917077179
13,1461917077194
13,1461917077210
13,1461917077225
13,1461917077241
13,1461917077257
13,1461917077273
13,1461917077289
13,1461917077305
13,1461917077320
13,1461917077336
13,1461917077352
14,1461917077368
14,1461917077383
14,1461917077399
14,1461917077416
14,1461917077433
14,1461917077451
14,1461917077468
14,1461917077486
14,1461917077504
14,1461917077521
14,1461917077538
14,1461917077556
14,1461917077573
14,1461917077591
14,1461917077609
14,1461917077626
14,1461917077642
14,1461917077658
14,1461917077675
14,1461917077690
14,1461917077706
14,1461917077722
14,1461917077737
14,1461917077754
14,1461917077769
14,1461917077785
14,1461917077801
14,1461917077817
14,1461917077833
14,1461917077849
14,1461917077864
14,1461917077880
14,1461917077896
14,1461917077912
14,1461917077928
14,1461917077943
14,1461917077959
14,1461917077975
14,1461917077991
14,1461917078007
14,1461917078023
14,1461917078039
14,1461917078055
14,1461917078071
14,1461917078087
14,1461917078103
14,1461917078119
14,1461917078135
14,1461917078151
15,1461917078167
15,1461917078184
15,1461917078199
15,1461917078215
15,1461917078232
15,1461917078248
15,1461917078264
15,1461917078281
15,1461917078297
15,1461917078313
15,1461917078329
15,1461917078344
15,1461917078360
15,1461917078377
15,1461917078393
15,1461917078409
15,1461917078426
15,1461917078443
15,1461917078460
15,1461917078476
15,1461917078494
15,1461917078511
15,1461917078530
15,1461917078547
15,1461917078565
15,1461917078584
15,1461917078602
15,1461917078620
15,1461917078637
15,1461917078655
15,1461917078671
15,1461917078688
15,1461917078704
15,1461917078721
15,1461917078737
15,1461917078754
15,1461917078771
15,1461917078787
15,1461917078804
15,1461917078821
15,1461917078838
15,1461917078855
15,1461917078872
15,1461917078889
15,1461917078906
15,1461917078923
15,1461917078939
16,1461917078956
16,1461917078973
16,1461917078990
16,1461917079006
16,1461917079023
16,1461917079040
16,1461917079057
16,1461917079074
16,1461917079091
16,1461917079108
16,1461917079125
16,1461917079142
16,1461917079159
16,1461917079176
16,1461917079193
16,1461917079210
16,1461917079226
16,1461917079243
16,1461917079260
16,1461917079277
16,1461917079295
16,1461917079311
16,1461917079328
16,1461917079346
16,1461917079363
16,1461917079381
16,1461917079398
16,1461917079415
16,1461917079432
16,1461917079449
16,1461917079466
16,1461917079483
16,1461917079500
16,1461917079518
16,1461917079535
16,1461917079552
16,1461917079569
16,1461917079586
16,1461917079604
16,1461917079621
16,1461917079638
16,1461917079655
16,1461917079672
16,1461917079689
16,1461917079708
16,1461917079727
17,1461917079746
17,1461917079765
17,1461917079783
17,1461917079802
17,1461917079820
17,1461917079837
17,1461917079854
17,1461917079872
17,1461917079889
17,1461917079906
17,1461917079923
17,1461917079941
17,1461917079958
17,1461917079976
17,1461917079993
17,1461917080011
17,1461917080028
17,1461917080046
17,1461917080064
17,1461917080081
17,1461917080099
17,1461917080117
17,1461917080134
17,1461917080152
17,1461917080169
17,1461917080186
17,1461917080204
17,1461917080221
17,1461917080239
17,1461917080257
17,1461917080274
17,1461917080291
17,1461917080309
17,1461917080327
17,1461917080344
17,1461917080362
17,1461917080380
17,1461917080398
17,1461917080415
17,1461917080433
17,1461917080450
17,1461917080468
17,1461917080485
17,1461917080503
17,1461917080521
18,1461917080539
18,1461917080557
18,1461917080575
18,1461917080593
18,1461917080611
18,1461917080629
18,1461917080646
18,1461917080664
18,1461917080682
18,1461917080700
18,1461917080719
18,1461917080738
18,1461917080758
18,1461917080777
18,1461917080796
18,1461917080815
18,1461917080834
18,1461917080853
18,1461917080871
18,1461917080890
18,1461917080908
18,1461917080925
18,1461917080943
18,1461917080962
18,1461917080979
18,1461917080997
18,1461917081016
18,1461917081034
18,1461917081052
18,1461917081070
18,1461917081089
18,1461917081108
18,1461917081126
18,1461917081144
18,1461917081162
18,1461917081181
18,1461917081199
18,1461917081217
18,1461917081235
18,1461917081254
18,1461917081273
18,1461917081291
18,1461917081310
19,1461917081329
19,1461917081347
19,1461917081366
19,1461917081385
19,1461917081404
19,1461917081422
19,1461917081440
19,1461917081459
19,1461917081477
19,1461917081497
19,1461917081515
19,1461917081533
19,1461917081552
19,1461917081570
19,1461917081589
19,1461917081608
19,1461917081626
19,1461917081645
19,1461917081663
19,1461917081682
19,1461917081701
19,1461917081719
19,1461917081738
19,1461917081758
19,1461917081778
19,1461917081797
19,1461917081817
19,1461917081837
19,1461917081858
19,1461917081878
19,1461917081897
19,1461917081916
19,1461917081935
19,1461917081953
19,1461917081972
19,1461917081990
19,1461917082009
19,1461917082028
19,1461917082046
19,1461917082065
19,1461917082084
19,1461917082103
20,1461917082122
20,1461917082141
20,1461917082160
20,1461917082179
20,1461917082197
20,1461917082216
20,1461917082235
20,1461917082254
20,1461917082273
20,1461917082292
20,1461917082311
20,1461917082330
20,1461917082349
20,1461917082368
20,1461917082388
20,1461917082406
20,1461917082425
20,1461917082444
20,1461917082463
20,1461917082482
20,1461917082501
20,1461917082521
20,1461917082540
20,1461917082559
20,1461917082578
20,1461917082597
20,1461917082616
20,1461917082636
20,1461917082656
20,1461917082675
20,1461917082693
20,1461917082713
20,1461917082732
20,1461917082751
20,1461917082771
20,1461917082791
20,1461917082811
20,1461917082832
20,1461917082853
20,1461917082874
21,1461917082895
21,1461917082916
21,1461917082936
21,1461917082957
21,1461917082977
21,1461917082997
21,1461917083017
21,1461917083036
21,1461917083056
21,1461917083075
21,1461917083094
21,1461917083113
21,1461917083133
21,1461917083153
21,1461917083172
21,1461917083192
21,1461917083211
21,1461917083231
21,1461917083251
21,1461917083270
21,1461917083290
21,1461917083310
21,1461917083330
21,1461917083350
21,1461917083370
21,1461917083389
21,1461917083409
21,1461917083429
21,1461917083449
21,1461917083468
21,1461917083488
21,1461917083508
21,1461917083528
21,1461917083547
21,1461917083567
21,1461917083587
21,1461917083608
21,1461917083628
21,1461917083648
21,1461917083668
22,1461917083688
22,1461917083708
22,1461917083729
22,1461917083749
22,1461917083769
22,1461917083789
22,1461917083809
22,1461917083829
22,1461917083850
22,1461917083869
22,1461917083889
22,1461917083910
22,1461917083930
22,1461917083951
22,1461917083972
22,1461917083994
22,1461917084016
22,1461917084037
22,1461917084058
22,1461917084080
22,1461917084101
22,1461917084122
22,1461917084143
22,1461917084163
22,1461917084184
22,1461917084204
22,1461917084224
22,1461917084244
22,1461917084265
22,1461917084285
22,1461917084305
22,1461917084325
22,1461917084345
22,1461917084366
22,1461917084386
22,1461917084406
22,1461917084427
22,1461917084447
23,1461917084467
23,1461917084488
23,1461917084508
23,1461917084528
23,1461917084548
23,1461917084569
23,1461917084589
23,1461917084609
23,1461917084630
23,1461917084650
23,1461917084671
23,1461917084691
23,1461917084711
23,1461917084732
23,1461917084753
23,1461917084774
23,1461917084794
23,1461917084815
23,1461917084835
23,1461917084856
23,1461917084876
23,1461917084897
23,1461917084918
23,1461917084938
23,1461917084959
23,1461917084979
23,1461917085001
23,1461917085023
23,1461917085045
23,1461917085067
23,1461917085088
23,1461917085109
23,1461917085130
23,1461917085150
23,1461917085171
23,1461917085192
23,1461917085213
23,1461917085233
24,1461917085254
24,1461917085275
24,1461917085296
24,1461917085317
24,1461917085338
24,1461917085358
24,1461917085379
24,1461917085400
24,1461917085422
24,1461917085442
24,1461917085463
24,1461917085484
24,1461917085506
24,1461917085527
24,1461917085549
24,1461917085569
24,1461917085590
24,1461917085611
24,1461917085633
24,1461917085654
24,1461917085675
24,1461917085696
24,1461917085717
24,1461917085738
24,1461917085760
24,1461917085781
24,1461917085802
24,1461917085824
24,1461917085845
24,1461917085867
24,1461917085888
24,1461917085909
24,1461917085930
24,1461917085951
24,1461917085973
24,1461917085994
24,1461917086017
25,1461917086039
25,1461917086061
25,1461917086084
25,1461917086107
25,1461917086129
25,1461917086152
25,1461917086175
25,1461917086198
25,1461917086221
25,1461917086243
25,1461917086266
25,1461917086287
25,1461917086309
25,1461917086330
25,1461917086352
25,1461917086374
25,1461917086395
25,1461917086417
25,1461917086439
25,1461917086460
25,1461917086481
25,1461917086503
25,1461917086524
25,1461917086546
25,1461917086567
25,1461917086589
25,1461917086611
25,1461917086633
25,1461917086655
25,1461917086676
25,1461917086698
25,1461917086720
25,1461917086742
25,1461917086764
25,1461917086787
25,1461917086808
26,1461917086830
26,1461917086852
26,1461917086874
26,1461917086896
26,1461917086918
26,1461917086939
26,1461917086962
26,1461917086984
26,1461917087006
26,1461917087028
26,1461917087050
26,1461917087072
26,1461917087095
26,1461917087118
26,1461917087141
26,1461917087165
26,1461917087188
26,1461917087211
26,1461917087234
26,1461917087256
26,1461917087279
26,1461917087301
26,1461917087323
26,1461917087345
26,1461917087368
26,1461917087390
26,1461917087412
26,1461917087434
26,1461917087457
26,1461917087479
26,1461917087502
26,1461917087524
26,1461917087547
26,1461917087569
26,1461917087591
27,1461917087613
27,1461917087635
27,1461917087658
27,1461917087680
27,1461917087703
27,1461917087726
27,1461917087748
27,1461917087770
27,1461917087793
27,1461917087815
27,1461917087838
27,1461917087861
27,1461917087884
27,1461917087907
27,1461917087930
27,1461917087952
27,1461917087975
27,1461917087998
27,1461917088021
27,1461917088043
27,1461917088066
27,1461917088089
27,1461917088113
27,1461917088136
27,1461917088160
27,1461917088184
27,1461917088208
27,1461917088232
27,1461917088255
27,1461917088278
27,1461917088301
27,1461917088323
27,1461917088346
27,1461917088369
28,1461917088392
28,1461917088415
28,1461917088438
28,1461917088460
28,1461917088483
28,1461917088506
28,1461917088530
28,1461917088552
28,1461917088576
28,1461917088598
28,1461917088621
28,1461917088645
28,1461917088668
28,1461917088691
28,1461917088714
28,1461917088738
28,1461917088761
28,1461917088785
28,1461917088808
28,1461917088831
28,1461917088854
28,1461917088878
28,1461917088901
28,1461917088925
28,1461917088948
28,1461917088971
28,1461917088994
28,1461917089017
28,1461917089041
28,1461917089064
28,1461917089087
28,1461917089110
28,1461917089134
28,1461917089159
29,1461917089184
29,1461917089207
29,1461917089231
29,1461917089254
29,1461917089277
29,1461917089301
29,1461917089324
29,1461917089348
29,1461917089371
29,1461917089395
29,1461917089419
29,1461917089443
29,1461917089466
29,1461917089491
29,1461917089514
29,1461917089538
29,1461917089562
29,1461917089586
29,1461917089610
29,1461917089633
29,1461917089657
29,1461917089681
29,1461917089704
29,1461917089728
29,1461917089752
29,1461917089776
29,1461917089800
29,1461917089824
29,1461917089848
29,1461917089872
29,1461917089895
29,1461917089919
30,1461917089944
30,1461917089968
30,1461917089991
30,1461917090015
30,1461917090039
30,1461917090063
30,1461917090087
30,1461917090112
30,1461917090135
30,1461917090160
30,1461917090185
30,1461917090209
30,1461917090234
30,1461917090258
30,1461917090282
30,1461917090308
30,1461917090333
30,1461917090358
30,1461917090384
30,1461917090409
30,1461917090434
30,1461917090457
30,1461917090481
30,1461917090505
30,1461917090529
30,1461917090554
30,1461917090578
30,1461917090602
30,1461917090626
30,1461917090651
30,1461917090675
30,1461917090700
30,1461917090725
31,1461917090749
31,1461917090774
31,1461917090798
31,1461917090823
31,1461917090848
31,1461917090872
31,1461917090897
31,1461917090921
31,1461917090945
31,1461917090969
31,1461917090994
31,1461917091019
31,1461917091043
31,1461917091068
31,1461917091092
31,1461917091117
31,1461917091141
31,1461917091165
31,1461917091190
31,1461917091215
31,1461917091239
31,1461917091264
31,1461917091289
31,1461917091314
31,1461917091340
31,1461917091364
31,1461917091389
31,1461917091414
31,1461917091439
31,1461917091464
31,1461917091488
32,1461917091514
32,1461917091538
32,1461917091563
32,1461917091588
32,1461917091613
32,1461917091638
32,1461917091663
32,1461917091689
32,1461917091714
32,1461917091740
32,1461917091765
32,1461917091790
32,1461917091815
32,1461917091841
32,1461917091866
32,1461917091891
32,1461917091917
32,1461917091943
32,1461917091969
32,1461917091996
32,1461917092023
32,1461917092049
32,1461917092075
32,1461917092102
32,1461917092128
32,1461917092155
32,1461917092182
32,1461917092208
32,1461917092235
32,1461917092261
33,1461917092286
33,1461917092311
33,1461917092336
33,1461917092362
33,1461917092387
33,1461917092413
33,1461917092438
33,1461917092463
33,1461917092489
33,1461917092515
33,1461917092541
33,1461917092567
33,1461917092593
33,1461917092618
33,1461917092644
33,1461917092670
33,1461917092696
33,1461917092722
33,1461917092748
33,1461917092774
33,1461917092800
33,1461917092825
33,1461917092851
33,1461917092876
33,1461917092902
33,1461917092929
33,1461917092955
33,1461917092982
33,1461917093009
33,1461917093036
34,1461917093064
34,1461917093091
34,1461917093118
34,1461917093145
34,1461917093172
34,1461917093198
34,1461917093224
34,1461917093250
34,1461917093276
34,1461917093302