585,1461843750407
585,1461843750900
585,1461843751389
585,1461843751879
585,1461843752370
585,1461843752858
585,1461843753348
585,1461843753843
585,1461843754341
585,1461843754831
585,1461843755322
585,1461843755810
585,1461843756299
585,1461843756791
585,1461843757279
585,1461843757767
585,1461843758258
585,1461843758745
585,1461843759236
585,1461843759731
585,1461843760229
585,1461843760720
585,1461843761215
585,1461843761713
585,1461843762201
585,1461843762692
585,1461843763181
585,1461843763670
585,1461843764161
585,1461843764648
585,1461843765139
585,1461843765634
585,1461843766134
585,1461843766625
585,1461843767121
585,1461843767620
585,1461843768108
585,1461843768598
585,1461843769090
585,1461843769578
585,1461843770067
585,1461843770559
585,1461843771055
585,1461843771555
585,1461843772043
585,1461843772533
585,1461843773026
585,1461843773514
585,1461843774004
585,1461843774496
585,1461843774984
585,1461843775473
585,1461843775964
585,1461843776451
585,1461843776943
585,1461843777441
585,1461843777941
585,1461843778432
585,1461843778924
585,1461843779412
585,1461843779902
585,1461843780394
585,1461843780883
585,1461843781372
585,1461843781863
585,1461843782351
585,1461843782843
585,1461843783339
585,1461843783839
585,1461843784331
585,1461843784828
585,1461843785328
585,1461843785817
585,1461843786309
585,1461843786797
585,1461843787287
585,1461843787778
585,1461843788266
585,1461843788758
585,1461843789255
585,1461843789754
585,1461843790247
585,1461843790744
585,1461843791243
585,1461843791732
585,1461843792222
585,1461843792714
585,1461843793203
585,1461843793693
585,1461843794180
585,1461843794673
585,1461843795170
585,1461843795670
585,1461843796164
585,1461843796661
585,1461843797161
585,1461843797649
585,1461843798141
585,1461843798633
585,1461843799123
585,1461843799613
585,1461843800105
585,1461843800594
585,1461843801084
585,1461843801575
585,1461843802067
585,1461843802559
585,1461843803048
585,1461843803539
585,1461843804033
585,1461843804522
585,1461843805012
585,1461843805503
585,1461843805992
585,1461843806486
585,1461843806984
585,1461843807485
585,1461843807978
585,1461843808476
585,1461843808977
585,1461843809469
585,1461843809963
585,1461843810452
585,1461843810941
585,1461843811433
585,1461843811922
585,1461843812416
585,1461843812914
585,1461843813415
585,1461843813909
585,1461843814407
585,1461843814908
585,1461843815398
585,1461843815890
585,1461843816383
585,1461843816872
585,1461843817363
585,1461843817852
585,1461843818347
585,1461843818845
585,1461843819346
585,1461843819841
585,1461843820340
585,1461843820840
585,1461843821330
585,1461843821822
585,1461843822316
585,1461843822806
585,1461843823297
585,1461843823790
585,1461843824280
585,1461843824771
585,1461843825263
585,1461843825758
585,1461843826256
585,1461843826758
585,1461843827248
585,1461843827740
585,1461843828233
585,1461843828724
585,1461843829215
585,1461843829708
585,1461843830199
585,1461843830690
585,1461843831182
585,1461843831671
585,1461843832166
585,1461843832665
585,1461843833167
585,1461843833660
585,1461843834151
585,1461843834642
585,1461843835135
585,1461843835625
585,1461843836119
585,1461843836620
585,1461843837122
585,1461843837617
585,1461843838117
585,1461843838619
585,1461843839110
585,1461843839603
585,1461843840097
585,1461843840587
585,1461843841079
585,1461843841569
585,1461843842065
585,1461843842565
585,1461843843067
585,1461843843563
585,1461843844063
585,1461843844564
585,1461843845055
585,1461843845548
585,1461843846043
585,1461843846534
585,1461843847026
585,1461843847520
585,1461843848011
585,1461843848503
585,1461843848996
585,1461843849492
585,1461843849993
585,1461843850494
585,1461843850986
585,1461843851479
585,1461843851973
585,1461843852465
585,1461843852958
585,1461843853452
585,1461843853943
585,1461843854435
585,1461843854928
585,1461843855419
585,1461843855915
585,1461843856415
585,1461843856918
585,1461843857411
585,1461843857906
585,1461843858397
585,1461843858891
585,1461843859385
585,1461843859877
585,1461843860369
585,1461843860862
585,1461843861353
585,1461843861849
585,1461843862350
585,1461843862852
585,1461843863349
585,1461843863850
585,1461843864353
585,1461843864845
585,1461843865338
585,1461843865833
585,1461843866325
585,1461843866818
585,1461843867313
585,1461843867805
585,1461843868297
585,1461843868791
585,1461843869282
585,1461843869780
585,1461843870281
585,1461843870784
585,1461843871281
585,1461843871783
585,1461843872287
585,1461843872780
585,1461843873275
585,1461843873767
585,1461843874261
585,1461843874755
585,1461843875246
585,1461843875743
585,1461843876245
585,1461843876748
585,1461843877246
585,1461843877747
585,1461843878250
585,1461843878743
585,1461843879237
585,1461843879733
585,1461843880225
585,1461843880718
585,1461843881210
585,1461843881707
585,1461843882209
585,1461843882712
585,1461843883210
585,1461843883712
585,1461843884215
585,1461843884708
585,1461843885203
585,1461843885699
585,1461843886191
585,1461843886686
585,1461843887182
585,1461843887674
585,1461843888168
585,1461843888662
585,1461843889160
585,1461843889663
585,1461843890166
585,1461843890660
585,1461843891155
585,1461843891651
585,1461843892144
585,1461843892639
585,1461843893134
585,1461843893627
585,1461843894121
585,1461843894616
585,1461843895108
585,1461843895606
585,1461843896109
585,1461843896612
585,1461843897109
585,1461843897602
585,1461843898095
585,1461843898590
585,1461843899082
585,1461843899581
585,1461843900084
585,1461843900588
585,1461843901087
585,1461843901589
585,1461843902093
585,1461843902588
585,1461843903084
585,1461843903582
585,1461843904075
585,1461843904569
585,1461843905061
585,1461843905559
585,1461843906063
585,1461843906566
585,1461843907065
585,1461843907568
585,1461843908073
585,1461843908567
585,1461843909063
585,1461843909560
585,1461843910054
585,1461843910549
585,1461843911046
585,1461843911539
585,1461843912034
585,1461843912529
585,1461843913029
585,1461843913532
585,1461843914037
585,1461843914532
585,1461843915028
585,1461843915525
585,1461843916019
585,1461843916514
585,1461843917011
585,1461843917506
585,1461843918001
585,1461843918496
585,1461843918989
585,1461843919489
585,1461843919993
585,1461843920498
585,1461843920994
585,1461843921491
585,1461843921985
585,1461843922481
585,1461843922979
585,1461843923473
585,1461843923968
585,1461843924464
585,1461843924957
585,1461843925456
585,1461843925961
585,1461843926465
585,1461843926965
585,1461843927469
585,1461843927974
585,1461843928467
585,1461843928961
585,1461843929461
585,1461843929965
585,1461843930470
585,1461843930971
585,1461843931476
585,1461843931981
585,1461843932477
585,1461843932974
585,1461843933471
585,1461843933967
585,1461843934464
585,1461843934961
585,1461843935457
585,1461843935953
585,1461843936449
585,1461843936950
585,1461843937455
585,1461843937961
585,1461843938457
585,1461843938954
585,1461843939452
585,1461843939947
585,1461843940444
585,1461843940942
585,1461843941437
585,1461843941933
585,1461843942430
585,1461843942924
585,1461843943424
585,1461843943930
585,1461843944436
585,1461843944934
585,1461843945432
585,1461843945927
585,1461843946424
585,1461843946923
585,1461843947418
585,1461843947914
585,1461843948411
585,1461843948905
585,1461843949406
585,1461843949911
585,1461843950417
585,1461843950918
585,1461843951423
585,1461843951929
585,1461843952427
585,1461843952925
585,1461843953421
585,1461843953918
585,1461843954415
585,1461843954909
585,1461843955410
585,1461843955916
585,1461843956423
585,1461843956924
585,1461843957429
585,1461843957936
585,1461843958433
585,1461843958931
585,1461843959430
585,1461843959926
585,1461843960423
585,1461843960924
585,1461843961430
585,1461843961936
585,1461843962433
585,1461843962933
585,1461843963433
585,1461843963929
585,1461843964427
585,1461843964926
585,1461843965423
585,1461843965920
585,1461843966418
585,1461843966913
585,1461843967414
585,1461843967920
585,1461843968426
585,1461843968926
585,1461843969427
585,1461843969923
585,1461843970422
585,1461843970921
585,1461843971418
585,1461843971915
585,1461843972413
585,1461843972908
585,1461843973410
585,1461843973917
585,1461843974424
585,1461843974926
585,1461843975432
585,1461843975939
585,1461843976438
585,1461843976938
585,1461843977435
585,1461843977932
585,1461843978431
585,1461843978926
585,1461843979428
585,1461843979935
585,1461843980442
585,1461843980945
585,1461843981452
585,1461843981959
585,1461843982457
585,1461843982957
585,1461843983457
585,1461843983954
585,1461843984451
585,1461843984947
585,1461843985449
585,1461843985956
585,1461843986464
585,1461843986966
585,1461843987473
585,1461843987981
585,1461843988479
585,1461843988979
585,1461843989479
585,1461843989976
585,1461843990476
585,1461843990976
585,1461843991473
585,1461843991972
585,1461843992471
585,1461843992972
585,1461843993469
585,1461843993968
585,1461843994467
585,1461843994963
585,1461843995466
585,1461843995973
585,1461843996482
585,1461843996985
585,1461843997493
585,1461843998000
585,1461843998500
585,1461843999000
585,1461843999500
585,1461843999998
585,1461844000496
585,1461844000993
585,1461844001496
585,1461844002004
585,1461844002512
585,1461844003016
585,1461844003524
585,1461844004032
585,1461844004532
585,1461844005032
585,1461844005533
585,1461844006031
585,1461844006531
585,1461844007032
585,1461844007530
585,1461844008029
585,1461844008528
585,1461844009032
585,1461844009540
585,1461844010049
585,1461844010548
585,1461844011049
585,1461844011550
585,1461844012048
585,1461844012548
585,1461844013049
585,1461844013548
585,1461844014047
585,1461844014547
585,1461844015044
585,1461844015548
585,1461844016057
585,1461844016565
585,1461844017066
585,1461844017567
585,1461844018066
585,1461844018567
585,1461844019068
585,1461844019567
585,1461844020066
585,1461844020567
585,1461844021064
585,1461844021568
585,1461844022076
585,1461844022585
585,1461844023089
585,1461844023598
585,1461844024108
585,1461844024605
585,1461844025106
585,1461844025610
585,1461844026119
585,1461844026628
585,1461844027133
585,1461844027642
585,1461844028152
585,1461844028653
585,1461844029154
585,1461844029655
585,1461844030155
585,1461844030657
585,1461844031158
585,1461844031658
585,1461844032158
585,1461844032659
585,1461844033164
585,1461844033673
585,1461844034183
585,1461844034683
585,1461844035184
585,1461844035686
585,1461844036186
585,1461844036687
585,1461844037190
585,1461844037689
585,1461844038189
585,1461844038691
585,1461844039188
585,1461844039694
585,1461844040203
585,1461844040713
585,1461844041215
585,1461844041717
585,1461844042216
585,1461844042718
585,1461844043221
585,1461844043720
585,1461844044221
585,1461844044722
585,1461844045221
585,1461844045726
585,1461844046236
585,1461844046747
585,1461844047252
585,1461844047762
585,1461844048272
585,1461844048774
585,1461844049277
585,1461844049777
585,1461844050278
585,1461844050781
585,1461844051280
585,1461844051785
585,1461844052295
585,1461844052806
585,1461844053311
585,1461844053822
585,1461844054333
585,1461844054837
585,1461844055340
585,1461844055843
585,1461844056343
585,1461844056844
585,1461844057350
585,1461844057860
585,1461844058372
585,1461844058876
585,1461844059379
585,1461844059882
585,1461844060387
585,1461844060891
585,1461844061395
585,1461844061898
585,1461844062399
585,1461844062904
585,1461844063404
585,1461844063910
585,1461844064422
585,1461844064934
585,1461844065437
585,1461844065941
585,1461844066445
585,1461844066950
585,1461844067455
585,1461844067956
585,1461844068458
585,1461844068961
585,1461844069460
585,1461844069967
585,1461844070478
585,1461844070989
585,1461844071496
585,1461844072007
585,1461844072518
585,1461844073022
585,1461844073529
585,1461844074032
585,1461844074537
585,1461844075040
585,1461844075539
585,1461844076046
585,1461844076557
585,1461844077069
585,1461844077576
585,1461844078087
585,1461844078599
585,1461844079102
585,1461844079606
585,1461844080111
585,1461844080613
585,1461844081114
585,1461844081624
585,1461844082131
585,1461844082642
585,1461844083155
585,1461844083662
585,1461844084174
585,1461844084687
585,1461844085196
585,1461844085700
585,1461844086205
585,1461844086713
585,1461844087217
585,1461844087722
585,1461844088230
585,1461844088733
585,1461844089237
585,1461844089741
585,1461844090246
585,1461844090750
585,1461844091254
585,1461844091759
585,1461844092268
585,1461844092771
585,1461844093281
585,1461844093783
585,1461844094291
585,1461844094804
585,1461844095317
585,1461844095826
585,1461844096339
585,1461844096852
585,1461844097357
585,1461844097862
585,1461844098364
585,1461844098868
585,1461844099373
585,1461844099875
585,1461844100383
585,1461844100896
585,1461844101410
585,1461844101918
585,1461844102431
585,1461844102944
585,1461844103448
585,1461844103958
585,1461844104463
585,1461844104966
585,1461844105470
585,1461844105981
585,1461844106490
585,1461844107003
585,1461844107517
585,1461844108025
585,1461844108539
585,1461844109052
585,1461844109562
585,1461844110068
585,1461844110575
585,1461844111078
585,1461844111583
585,1461844112096
585,1461844112600
585,1461844113104
585,1461844113609
585,1461844114121
585,1461844114635
585,1461844115149
585,1461844115654
585,1461844116164
585,1461844116672
585,1461844117175
585,1461844117681
585,1461844118187
585,1461844118700
585,1461844119205
585,1461844119710
585,1461844120215
585,1461844120724
585,1461844121239
585,1461844121753
585,1461844122257
585,1461844122767
585,1461844123281
585,1461844123796
585,1461844124308
585,1461844124823
585,1461844125337
585,1461844125843
585,1461844126350
585,1461844126863
585,1461844127367
585,1461844127874
585,1461844128381
585,1461844128886
585,1461844129395
585,1461844129901
585,1461844130411
585,1461844130926
585,1461844131442
585,1461844131947
585,1461844132454
585,1461844132962
585,1461844133467
585,1461844133974
585,1461844134481
585,1461844134986
585,1461844135494
585,1461844136000
585,1461844136505
585,1461844137016
585,1461844137531
585,1461844138046
585,1461844138553
585,1461844139061
585,1461844139565
585,1461844140073
585,1461844140581
585,1461844141092
585,1461844141598
585,1461844142104
585,1461844142611
585,1461844143122
585,1461844143637
585,1461844144152
585,1461844144663
585,1461844145177
585,1461844145693
585,1461844146201
585,1461844146709
585,1461844147216
585,1461844147723
585,1461844148236
585,1461844148742
585,1461844149253
585,1461844149769
585,1461844150285
585,1461844150796
585,1461844151311
585,1461844151827
585,1461844152344
585,1461844152852
585,1461844153361
585,1461844153867
585,1461844154379
585,1461844154891
