585,1461844312528
585,1461844313278
585,1461844314028
585,1461844314774
585,1461844315521
585,1461844316274
585,1461844317021
585,1461844317767
585,1461844318516
585,1461844319258
585,1461844320001
585,1461844320754
585,1461844321514
585,1461844322262
585,1461844323012
585,1461844323755
585,1461844324501
585,1461844325250
585,1461844325994
585,1461844326739
585,1461844327486
585,1461844328229
585,1461844328970
585,1461844329723
585,1461844330483
585,1461844331224
585,1461844331978
585,1461844332738
585,1461844333480
585,1461844334229
585,1461844334972
585,1461844335717
585,1461844336464
585,1461844337207
585,1461844337947
585,1461844338701
585,1461844339461
585,1461844340202
585,1461844340955
585,1461844341716
585,1461844342458
585,1461844343206
585,1461844343954
585,1461844344698
585,1461844345444
585,1461844346186
585,1461844346927
585,1461844347681
585,1461844348441
585,1461844349182
585,1461844349936
585,1461844350696
585,1461844351439
585,1461844352186
585,1461844352934
585,1461844353678
585,1461844354423
585,1461844355172
585,1461844355917
585,1461844356662
585,1461844357409
585,1461844358156
585,1461844358904
585,1461844359648
585,1461844360393
585,1461844361142
585,1461844361886
585,1461844362631
585,1461844363379
585,1461844364121
585,1461844364863
585,1461844365618
585,1461844366379
585,1461844367119
585,1461844367873
585,1461844368635
585,1461844369378
585,1461844370126
585,1461844370870
585,1461844371616
585,1461844372363
585,1461844373106
585,1461844373846
585,1461844374601
585,1461844375361
585,1461844376102
585,1461844376857
585,1461844377617
585,1461844378360
585,1461844379107
585,1461844379856
585,1461844380600
585,1461844381346
585,1461844382089
585,1461844382829
585,1461844383583
585,1461844384344
585,1461844385084
585,1461844385838
585,1461844386599
585,1461844387341
585,1461844388088
585,1461844388837
585,1461844389581
585,1461844390327
585,1461844391078
585,1461844391822
585,1461844392567
585,1461844393314
585,1461844394056
585,1461844394810
585,1461844395570
585,1461844396313
585,1461844397060
585,1461844397809
585,1461844398553
585,1461844399299
585,1461844400049
585,1461844400793
585,1461844401539
585,1461844402287
585,1461844403030
585,1461844403773
585,1461844404527
585,1461844405287
585,1461844406036
585,1461844406780
585,1461844407526
585,1461844408273
585,1461844409017
585,1461844409758
585,1461844410512
585,1461844411272
585,1461844412016
585,1461844412770
585,1461844413531
585,1461844414274
585,1461844415021
585,1461844415772
585,1461844416516
585,1461844417262
585,1461844418006
585,1461844418749
585,1461844419504
585,1461844420265
585,1461844421006
585,1461844421761
585,1461844422521
585,1461844423264
585,1461844424012
585,1461844424761
585,1461844425506
585,1461844426252
585,1461844427001
585,1461844427746
585,1461844428492
585,1461844429240
585,1461844429982
585,1461844430736
585,1461844431497
585,1461844432241
585,1461844432989
585,1461844433739
585,1461844434483
585,1461844435229
585,1461844435978
585,1461844436723
585,1461844437469
585,1461844438217
585,1461844438960
585,1461844439701
585,1461844440456
585,1461844441217
585,1461844441966
585,1461844442717
585,1461844443461
585,1461844444208
585,1461844444957
585,1461844445701
585,1461844446448
585,1461844447196
585,1461844447939
585,1461844448680
585,1461844449435
585,1461844450196
585,1461844450938
585,1461844451692
585,1461844452453
585,1461844453197
585,1461844453938
585,1461844454693
585,1461844455454
585,1461844456197
585,1461844456945
585,1461844457694
585,1461844458439
585,1461844459186
585,1461844459937
585,1461844460682
585,1461844461428
585,1461844462176
585,1461844462920
585,1461844463661
585,1461844464416
585,1461844465178
585,1461844465927
585,1461844466676
585,1461844467421
585,1461844468167
585,1461844468919
585,1461844469664
585,1461844470410
585,1461844471158
585,1461844471901
585,1461844472643
585,1461844473398
585,1461844474160
585,1461844474901
585,1461844475656
585,1461844476417
585,1461844477161
585,1461844477911
585,1461844478656
585,1461844479403
585,1461844480151
585,1461844480895
585,1461844481637
585,1461844482392
585,1461844483154
585,1461844483895
585,1461844484650
585,1461844485412
585,1461844486156
585,1461844486904
585,1461844487654
585,1461844488399
585,1461844489146
585,1461844489890
585,1461844490632
585,1461844491387
585,1461844492148
585,1461844492890
585,1461844493645
585,1461844494406
585,1461844495150
585,1461844495899
585,1461844496649
585,1461844497394
585,1461844498141
585,1461844498891
585,1461844499636
585,1461844500383
585,1461844501131
585,1461844501880
585,1461844502631
585,1461844503376
585,1461844504123
585,1461844504874
585,1461844505619
585,1461844506367
585,1461844507116
585,1461844507860
585,1461844508603
585,1461844509358
585,1461844510121
585,1461844510863
585,1461844511618
585,1461844512381
585,1461844513125
585,1461844513876
585,1461844514621
585,1461844515368
585,1461844516117
585,1461844516861
585,1461844517603
585,1461844518358
585,1461844519120
585,1461844519862
585,1461844520619
585,1461844521381
585,1461844522125
585,1461844522873
585,1461844523624
585,1461844524369
585,1461844525116
585,1461844525860
585,1461844526602
585,1461844527358
585,1461844528120
585,1461844528862
585,1461844529618
585,1461844530380
585,1461844531124
585,1461844531873
585,1461844532623
585,1461844533369
585,1461844534116
585,1461844534867
585,1461844535613
585,1461844536360
585,1461844537109
585,1461844537851
585,1461844538607
585,1461844539369
585,1461844540114
585,1461844540863
585,1461844541613
585,1461844542359
585,1461844543106
585,1461844543856
585,1461844544601
585,1461844545349
585,1461844546098
585,1461844546842
585,1461844547584
585,1461844548340
585,1461844549102
585,1461844549853
585,1461844550599
585,1461844551345
585,1461844552094
585,1461844552839
585,1461844553581
585,1461844554337
585,1461844555100
585,1461844555845
585,1461844556600
585,1461844557362
585,1461844558107
585,1461844558856
585,1461844559607
585,1461844560353
585,1461844561101
585,1461844561846
585,1461844562589
585,1461844563345
585,1461844564107
585,1461844564852
585,1461844565608
585,1461844566370
585,1461844567115
585,1461844567864
585,1461844568615
585,1461844569360
585,1461844570108
585,1461844570859
585,1461844571605
585,1461844572351
585,1461844573100
585,1461844573843
585,1461844574598
585,1461844575362
585,1461844576106
585,1461844576856
585,1461844577607
585,1461844578352
585,1461844579100
585,1461844579851
585,1461844580597
585,1461844581344
585,1461844582094
585,1461844582839
585,1461844583582
585,1461844584338
585,1461844585100
585,1461844585849
585,1461844586601
585,1461844587347
585,1461844588095
585,1461844588846
585,1461844589592
585,1461844590340
585,1461844591089
585,1461844591834
585,1461844592576
585,1461844593332
585,1461844594095
585,1461844594838
585,1461844595594
585,1461844596356
585,1461844597101
585,1461844597846
585,1461844598590
585,1461844599346
585,1461844600109
585,1461844600852
585,1461844601608
585,1461844602371
585,1461844603116
585,1461844603866
585,1461844604617
585,1461844605362
585,1461844606111
585,1461844606863
585,1461844607609
585,1461844608357
585,1461844609107
585,1461844609850
585,1461844610606
585,1461844611369
585,1461844612115
585,1461844612864
585,1461844613615
585,1461844614361
585,1461844615109
585,1461844615860
585,1461844616607
585,1461844617355
585,1461844618105
585,1461844618849
585,1461844619593
585,1461844620350
585,1461844621113
585,1461844621862
585,1461844622614
585,1461844623360
585,1461844624108
585,1461844624859
585,1461844625605
585,1461844626353
585,1461844627103
585,1461844627849
585,1461844628592
585,1461844629349
585,1461844630112
585,1461844630855
585,1461844631611
585,1461844632374
585,1461844633119
585,1461844633871
585,1461844634618
585,1461844635367
585,1461844636117
585,1461844636862
585,1461844637606
585,1461844638363
585,1461844639126
585,1461844639870
585,1461844640626
585,1461844641389
585,1461844642139
585,1461844642889
585,1461844643641
585,1461844644388
585,1461844645135
585,1461844645887
585,1461844646634
585,1461844647382
585,1461844648132
585,1461844648877
585,1461844649621
585,1461844650377
585,1461844651141
585,1461844651885
585,1461844652642
585,1461844653407
585,1461844654153
585,1461844654903
585,1461844655655
585,1461844656403
585,1461844657151
585,1461844657896
585,1461844658641
585,1461844659399
585,1461844660162
585,1461844660906
585,1461844661663
585,1461844662428
585,1461844663173
585,1461844663924
585,1461844664676
585,1461844665425
585,1461844666174
585,1461844666926
585,1461844667673
585,1461844668422
585,1461844669172
585,1461844669918
585,1461844670676
585,1461844671442
585,1461844672187
585,1461844672937
585,1461844673689
585,1461844674437
585,1461844675186
585,1461844675938
585,1461844676685
585,1461844677438
585,1461844678188
585,1461844678934
585,1461844679677
585,1461844680434
585,1461844681198
585,1461844681952
585,1461844682704
585,1461844683451
585,1461844684199
585,1461844684951
585,1461844685698
585,1461844686452
585,1461844687203
585,1461844687949
585,1461844688693
585,1461844689451
585,1461844690214
585,1461844690959
585,1461844691716
585,1461844692481
585,1461844693227
585,1461844693973
