0,1461916327744
0,1461916327757
0,1461916327771
0,1461916327784
0,1461916327797
0,1461916327809
0,1461916327822
0,1461916327834
0,1461916327848
0,1461916327861
0,1461916327874
0,1461916327888
0,1461916327901
0,1461916327915
0,1461916327928
0,1461916327942
0,1461916327955
0,1461916327969
0,1461916327982
0,1461916327995
0,1461916328008
0,1461916328021
0,1461916328035
0,1461916328049
0,1461916328062
0,1461916328076
0,1461916328089
0,1461916328103
0,1461916328116
0,1461916328129
0,1461916328142
0,1461916328155
0,1461916328169
0,1461916328182
0,1461916328195
0,1461916328209
0,1461916328222
0,1461916328237
0,1461916328250
0,1461916328263
0,1461916328276
0,1461916328290
0,1461916328303
0,1461916328316
0,1461916328330
0,1461916328343
0,1461916328357
0,1461916328370
0,1461916328383
0,1461916328397
0,1461916328410
0,1461916328423
0,1461916328436
0,1461916328449
0,1461916328462
0,1461916328475
0,1461916328487
0,1461916328500
0,1461916328512
0,1461916328524
0,1461916328537
0,1461916328549
0,1461916328562
0,1461916328574
0,1461916328587
0,1461916328599
0,1461916328612
0,1461916328624
0,1461916328636
0,1461916328648
0,1461916328661
0,1461916328673
0,1461916328685
0,1461916328697
0,1461916328710
0,1461916328722
0,1461916328734
0,1461916328747
0,1461916328759
0,1461916328771
0,1461916328784
0,1461916328796
0,1461916328808
0,1461916328820
0,1461916328832
0,1461916328845
0,1461916328857
0,1461916328869
0,1461916328881
0,1461916328894
0,1461916328906
0,1461916328918
0,1461916328930
0,1461916328943
0,1461916328955
0,1461916328967
0,1461916328979
0,1461916328992
0,1461916329004
0,1461916329016
0,1461916329028
0,1461916329040
0,1461916329053
0,1461916329065
0,1461916329077
0,1461916329089
0,1461916329102
0,1461916329114
0,1461916329126
0,1461916329139
0,1461916329151
0,1461916329163
0,1461916329175
0,1461916329187
0,1461916329200
0,1461916329212
0,1461916329224
0,1461916329237
0,1461916329249
0,1461916329262
0,1461916329274
0,1461916329286
0,1461916329308
0,1461916329321
0,1461916329332
0,1461916329342
0,1461916329353
0,1461916329363
0,1461916329373
0,1461916329384
0,1461916329393
0,1461916329402
0,1461916329411
0,1461916329421
0,1461916329431
0,1461916329440
0,1461916329450
0,1461916329460
0,1461916329469
0,1461916329478
0,1461916329487
0,1461916329496
0,1461916329505
0,1461916329514
0,1461916329524
0,1461916329533
0,1461916329542
0,1461916329551
0,1461916329561
0,1461916329570
0,1461916329580
0,1461916329589
0,1461916329599
0,1461916329608
0,1461916329617
0,1461916329626
0,1461916329636
0,1461916329645
0,1461916329654
0,1461916329664
0,1461916329673
0,1461916329682
0,1461916329692
0,1461916329701
0,1461916329710
0,1461916329719
0,1461916329728
0,1461916329738
0,1461916329747
0,1461916329757
0,1461916329767
0,1461916329776
0,1461916329786
0,1461916329795
0,1461916329805
0,1461916329815
0,1461916329824
0,1461916329834
0,1461916329843
0,1461916329852
0,1461916329862
0,1461916329871
0,1461916329880
0,1461916329890
0,1461916329899
0,1461916329908
0,1461916329918
0,1461916329927
0,1461916329936
0,1461916329946
0,1461916329955
0,1461916329965
0,1461916329974
0,1461916329984
0,1461916329993
0,1461916330003
0,1461916330013
0,1461916330022
0,1461916330032
0,1461916330042
0,1461916330050
0,1461916330059
0,1461916330069
0,1461916330078
0,1461916330087
0,1461916330097
0,1461916330106
0,1461916330115
0,1461916330125
0,1461916330135
0,1461916330145
0,1461916330154
1,1461916330164
1,1461916330173
1,1461916330182
1,1461916330193
1,1461916330203
1,1461916330212
1,1461916330222
1,1461916330231
1,1461916330241
1,1461916330251
1,1461916330260
1,1461916330270
1,1461916330280
1,1461916330290
1,1461916330299
1,1461916330309
1,1461916330319
1,1461916330329
1,1461916330339
1,1461916330349
1,1461916330358
1,1461916330368
1,1461916330377
1,1461916330387
1,1461916330396
1,1461916330405
1,1461916330415
1,1461916330425
1,1461916330435
1,1461916330445
1,1461916330454
1,1461916330464
1,1461916330474
1,1461916330483
1,1461916330493
1,1461916330503
1,1461916330512
1,1461916330522
1,1461916330532
1,1461916330541
1,1461916330551
1,1461916330560
1,1461916330570
1,1461916330580
1,1461916330589
1,1461916330599
1,1461916330608
1,1461916330618
1,1461916330628
1,1461916330637
1,1461916330647
1,1461916330657
1,1461916330667
1,1461916330676
1,1461916330686
1,1461916330696
1,1461916330706
1,1461916330715
1,1461916330725
1,1461916330734
1,1461916330744
1,1461916330754
1,1461916330763
1,1461916330773
1,1461916330782
1,1461916330792
1,1461916330802
1,1461916330812
1,1461916330821
1,1461916330831
1,1461916330840
1,1461916330850
1,1461916330859
1,1461916330869
1,1461916330878
1,1461916330888
1,1461916330899
1,1461916330909
1,1461916330918
1,1461916330928
1,1461916330938
1,1461916330948
1,1461916330958
2,1461916330967
2,1461916330977
2,1461916330987
2,1461916330997
2,1461916331007
2,1461916331017
2,1461916331026
2,1461916331036
2,1461916331045
2,1461916331055
2,1461916331064
2,1461916331074
2,1461916331083
2,1461916331093
2,1461916331103
2,1461916331113
2,1461916331122
2,1461916331132
2,1461916331142
2,1461916331152
2,1461916331162
2,1461916331172
2,1461916331182
2,1461916331192
2,1461916331202
2,1461916331211
2,1461916331221
2,1461916331231
2,1461916331241
2,1461916331250
2,1461916331260
2,1461916331269
2,1461916331279
2,1461916331288
2,1461916331298
2,1461916331307
2,1461916331317
2,1461916331327
2,1461916331336
2,1461916331346
2,1461916331356
2,1461916331366
2,1461916331376
2,1461916331387
2,1461916331396
2,1461916331406
2,1461916331416
2,1461916331426
2,1461916331436
2,1461916331446
2,1461916331456
2,1461916331466
2,1461916331476
2,1461916331486
2,1461916331496
2,1461916331506
2,1461916331516
2,1461916331525
2,1461916331536
2,1461916331546
2,1461916331557
2,1461916331567
2,1461916331576
2,1461916331586
2,1461916331596
2,1461916331605
2,1461916331615
2,1461916331625
2,1461916331634
2,1461916331644
2,1461916331654
2,1461916331665
2,1461916331675
2,1461916331685
2,1461916331695
2,1461916331705
2,1461916331716
2,1461916331726
2,1461916331737
2,1461916331746
2,1461916331757
3,1461916331767
3,1461916331777
3,1461916331788
3,1461916331798
3,1461916331807
3,1461916331818
3,1461916331828
3,1461916331838
3,1461916331849
3,1461916331859
3,1461916331869
3,1461916331880
3,1461916331890
3,1461916331900
3,1461916331911
3,1461916331921
3,1461916331931
3,1461916331942
3,1461916331952
3,1461916331962
3,1461916331973
3,1461916331983
3,1461916331993
3,1461916332004
3,1461916332014
3,1461916332024
3,1461916332034
3,1461916332044
3,1461916332055
3,1461916332064
3,1461916332074
3,1461916332084
3,1461916332095
3,1461916332105
3,1461916332115
3,1461916332126
3,1461916332136
3,1461916332147
3,1461916332157
3,1461916332167
3,1461916332177
3,1461916332188
3,1461916332198
3,1461916332208
3,1461916332218
3,1461916332229
3,1461916332240
3,1461916332250
3,1461916332260
3,1461916332271
3,1461916332282
3,1461916332292
3,1461916332303
3,1461916332313
3,1461916332323
3,1461916332333
3,1461916332344
3,1461916332354
3,1461916332365
3,1461916332375
3,1461916332386
3,1461916332397
3,1461916332407
3,1461916332418
3,1461916332429
3,1461916332439
3,1461916332450
3,1461916332461
3,1461916332471
3,1461916332482
3,1461916332492
3,1461916332503
3,1461916332514
3,1461916332524
3,1461916332535
3,1461916332545
3,1461916332556
4,1461916332567
4,1461916332578
4,1461916332589
4,1461916332600
4,1461916332610
4,1461916332621
4,1461916332632
4,1461916332643
4,1461916332654
4,1461916332665
4,1461916332676
4,1461916332687
4,1461916332698
4,1461916332708
4,1461916332719
4,1461916332730
4,1461916332741
4,1461916332752
4,1461916332763
4,1461916332774
4,1461916332784
4,1461916332794
4,1461916332805
4,1461916332817
4,1461916332827
4,1461916332838
4,1461916332849
4,1461916332860
4,1461916332871
4,1461916332882
4,1461916332893
4,1461916332904
4,1461916332915
4,1461916332925
4,1461916332936
4,1461916332947
4,1461916332960
4,1461916332972
4,1461916332985
4,1461916332997
4,1461916333009
4,1461916333020
4,1461916333030
4,1461916333042
4,1461916333053
4,1461916333064
4,1461916333075
4,1461916333086
4,1461916333097
4,1461916333107
4,1461916333118
4,1461916333129
4,1461916333141
4,1461916333152
4,1461916333162
4,1461916333173
4,1461916333184
4,1461916333195
4,1461916333207
4,1461916333217
4,1461916333229
4,1461916333240
4,1461916333251
4,1461916333261
4,1461916333272
4,1461916333284
4,1461916333295
4,1461916333306
4,1461916333317
4,1461916333328
4,1461916333339
4,1461916333351
5,1461916333361
5,1461916333372
5,1461916333384
5,1461916333395
5,1461916333406
5,1461916333417
5,1461916333428
5,1461916333439
5,1461916333451
5,1461916333462
5,1461916333473
5,1461916333484
5,1461916333495
5,1461916333506
5,1461916333518
5,1461916333529
5,1461916333540
5,1461916333551
5,1461916333562
5,1461916333574
5,1461916333586
5,1461916333596
5,1461916333607
5,1461916333618
5,1461916333630
5,1461916333641
5,1461916333652
5,1461916333664
5,1461916333675
5,1461916333686
5,1461916333698
5,1461916333709
5,1461916333721
5,1461916333732
5,1461916333743
5,1461916333755
5,1461916333766
5,1461916333777
5,1461916333788
5,1461916333799
5,1461916333810
5,1461916333822
5,1461916333833
5,1461916333844
5,1461916333856
5,1461916333867
5,1461916333879
5,1461916333890
5,1461916333901
5,1461916333913
5,1461916333924
5,1461916333936
5,1461916333947
5,1461916333959
5,1461916333971
5,1461916333982
5,1461916333993
5,1461916334005
5,1461916334017
5,1461916334028
5,1461916334040
5,1461916334051
5,1461916334063
5,1461916334074
5,1461916334086
5,1461916334098
5,1461916334109
5,1461916334121
5,1461916334132
5,1461916334144
5,1461916334155
6,1461916334167
6,1461916334178
6,1461916334190
6,1461916334202
6,1461916334213
6,1461916334225
6,1461916334236
6,1461916334248
6,1461916334260
6,1461916334272
6,1461916334283
6,1461916334295
6,1461916334307
6,1461916334318
6,1461916334330
6,1461916334341
6,1461916334353
6,1461916334364
6,1461916334376
6,1461916334388
6,1461916334399
6,1461916334411
6,1461916334423
6,1461916334435
6,1461916334446
6,1461916334458
6,1461916334470
6,1461916334482
6,1461916334493
6,1461916334505
6,1461916334517
6,1461916334529
6,1461916334541
6,1461916334553
6,1461916334565
6,1461916334577
6,1461916334589
6,1461916334601
6,1461916334613
6,1461916334625
6,1461916334636
6,1461916334648
6,1461916334660
6,1461916334673
6,1461916334685
6,1461916334697
6,1461916334709
6,1461916334721
6,1461916334734
6,1461916334746
6,1461916334758
6,1461916334770
6,1461916334782
6,1461916334794
6,1461916334806
6,1461916334818
6,1461916334830
6,1461916334842
6,1461916334854
6,1461916334866
6,1461916334880
6,1461916334893
6,1461916334907
6,1461916334920
6,1461916334932
6,1461916334944
7,1461916334956
7,1461916334969
7,1461916334980
7,1461916334992
7,1461916335005
7,1461916335017
7,1461916335029
7,1461916335041
7,1461916335053
7,1461916335065
7,1461916335078
7,1461916335090
7,1461916335102
7,1461916335114
7,1461916335126
7,1461916335138
7,1461916335150
7,1461916335162
7,1461916335175
7,1461916335188
7,1461916335200
7,1461916335213
7,1461916335225
7,1461916335238
7,1461916335250
7,1461916335263
7,1461916335275
7,1461916335287
7,1461916335299
7,1461916335311
7,1461916335324
7,1461916335336
7,1461916335349
7,1461916335361
7,1461916335373
7,1461916335385
7,1461916335397
7,1461916335410
7,1461916335423
7,1461916335435
7,1461916335447
7,1461916335459
7,1461916335472
7,1461916335485
7,1461916335497
7,1461916335509
7,1461916335522
7,1461916335535
7,1461916335547
7,1461916335560
7,1461916335572
7,1461916335585
7,1461916335597
7,1461916335609
7,1461916335622
7,1461916335634
7,1461916335647
7,1461916335659
7,1461916335672
7,1461916335684
7,1461916335697
7,1461916335709
7,1461916335722
7,1461916335735
8,1461916335747
8,1461916335760
8,1461916335772
8,1461916335785
8,1461916335798
8,1461916335811
8,1461916335823
8,1461916335836
8,1461916335849
8,1461916335862
8,1461916335875
8,1461916335887
8,1461916335900
8,1461916335912
8,1461916335925
8,1461916335938
8,1461916335951
8,1461916335964
8,1461916335977
8,1461916335990
8,1461916336002
8,1461916336015
8,1461916336029
8,1461916336044
8,1461916336058
8,1461916336073
8,1461916336087
8,1461916336102
8,1461916336116
8,1461916336130
8,1461916336145
8,1461916336159
8,1461916336173
8,1461916336187
8,1461916336200
8,1461916336213
8,1461916336226
8,1461916336240
8,1461916336253
8,1461916336266
8,1461916336279
8,1461916336291
8,1461916336304
8,1461916336317
8,1461916336330
8,1461916336343
8,1461916336356
8,1461916336369
8,1461916336382
8,1461916336395
8,1461916336408
8,1461916336421
8,1461916336434
8,1461916336447
8,1461916336460
8,1461916336473
8,1461916336486
8,1461916336499
8,1461916336512
8,1461916336526
8,1461916336539
9,1461916336553
9,1461916336566
9,1461916336579
9,1461916336593
9,1461916336606
9,1461916336619
9,1461916336632
9,1461916336645
9,1461916336658
9,1461916336672
9,1461916336685
9,1461916336698
9,1461916336712
9,1461916336725
9,1461916336739
9,1461916336752
9,1461916336765
9,1461916336778
9,1461916336792
9,1461916336805
9,1461916336819
9,1461916336832
9,1461916336845
9,1461916336859
9,1461916336872
9,1461916336885
9,1461916336899
9,1461916336913
9,1461916336926
9,1461916336940
9,1461916336953
9,1461916336966
9,1461916336979
9,1461916336992
9,1461916337006
9,1461916337019
9,1461916337032
9,1461916337046
9,1461916337059
9,1461916337072
9,1461916337086
9,1461916337100
9,1461916337114
9,1461916337127
9,1461916337141
9,1461916337154
9,1461916337168
9,1461916337182
9,1461916337195
9,1461916337209
9,1461916337222
9,1461916337236
9,1461916337250
9,1461916337263
9,1461916337277
9,1461916337291
9,1461916337307
9,1461916337322
10,1461916337337
10,1461916337352
10,1461916337367
10,1461916337382
10,1461916337397
10,1461916337413
10,1461916337428
10,1461916337444
10,1461916337459
10,1461916337473
10,1461916337487
10,1461916337500
10,1461916337514
10,1461916337528
10,1461916337542
10,1461916337556
10,1461916337570
10,1461916337583
10,1461916337597
10,1461916337611
10,1461916337625
10,1461916337639
10,1461916337653
10,1461916337667
10,1461916337681
10,1461916337696
10,1461916337710
10,1461916337723
10,1461916337737
10,1461916337751
10,1461916337765
10,1461916337779
10,1461916337793
10,1461916337807
10,1461916337821
10,1461916337835
10,1461916337849
10,1461916337864
10,1461916337877
10,1461916337891
10,1461916337906
10,1461916337919
10,1461916337933
10,1461916337947
10,1461916337961
10,1461916337975
10,1461916337989
10,1461916338003
10,1461916338017
10,1461916338032
10,1461916338046
10,1461916338060
10,1461916338075
10,1461916338088
10,1461916338103
10,1461916338117
11,1461916338131
11,1461916338145
11,1461916338159
11,1461916338173
11,1461916338187
11,1461916338201
11,1461916338215
11,1461916338230
11,1461916338245
11,1461916338259
11,1461916338273
11,1461916338288
11,1461916338302
11,1461916338316
11,1461916338331
11,1461916338346
11,1461916338362
11,1461916338379
11,1461916338395
11,1461916338410
11,1461916338426
11,1461916338442
11,1461916338458
11,1461916338472
11,1461916338487
11,1461916338501
11,1461916338515
11,1461916338530
11,1461916338544
11,1461916338559
11,1461916338573
11,1461916338588
11,1461916338602
11,1461916338617
11,1461916338631
11,1461916338646
11,1461916338660
11,1461916338675
11,1461916338689
11,1461916338704
11,1461916338718
11,1461916338733
11,1461916338748
11,1461916338762
11,1461916338777
11,1461916338792
11,1461916338806
11,1461916338821
11,1461916338836
11,1461916338851
11,1461916338865
11,1461916338880
11,1461916338894
11,1461916338909
12,1461916338923
12,1461916338938
12,1461916338953
12,1461916338968
12,1461916338983
12,1461916338997
12,1461916339012
12,1461916339028
12,1461916339043
12,1461916339058
12,1461916339073
12,1461916339088
12,1461916339103
12,1461916339118
12,1461916339132
12,1461916339147
12,1461916339161
12,1461916339176
12,1461916339191
12,1461916339206
12,1461916339221
12,1461916339235
12,1461916339250
12,1461916339265
12,1461916339282
12,1461916339298
12,1461916339312
12,1461916339327
12,1461916339342
12,1461916339357
12,1461916339373
12,1461916339388
12,1461916339403
12,1461916339418
12,1461916339433
12,1461916339448
12,1461916339463
12,1461916339478
12,1461916339492
12,1461916339507
12,1461916339523
12,1461916339538
12,1461916339553
12,1461916339568
12,1461916339583
12,1461916339598
12,1461916339614
12,1461916339631
12,1461916339647
12,1461916339664
12,1461916339679
12,1461916339694
13,1461916339709
13,1461916339724
13,1461916339739
13,1461916339754
13,1461916339769
13,1461916339785
13,1461916339800
13,1461916339816
13,1461916339831
13,1461916339846
13,1461916339862
13,1461916339877
13,1461916339892
13,1461916339907
13,1461916339923
13,1461916339938
13,1461916339954
13,1461916339970
13,1461916339985
13,1461916340001
13,1461916340016
13,1461916340032
13,1461916340047
13,1461916340063
13,1461916340079
13,1461916340094
13,1461916340110
13,1461916340126
13,1461916340141
13,1461916340157
13,1461916340173
13,1461916340188
13,1461916340204
13,1461916340220
13,1461916340235
13,1461916340250
13,1461916340266
13,1461916340282
13,1461916340298
13,1461916340313
13,1461916340329
13,1461916340344
13,1461916340360
13,1461916340376
13,1461916340391
13,1461916340407
13,1461916340422
13,1461916340438
13,1461916340454
13,1461916340470
14,1461916340486
14,1461916340502
14,1461916340518
14,1461916340534
14,1461916340550
14,1461916340566
14,1461916340582
14,1461916340598
14,1461916340614
14,1461916340629
14,1461916340646
14,1461916340663
14,1461916340680
14,1461916340698
14,1461916340715
14,1461916340731
14,1461916340749
14,1461916340766
14,1461916340783
14,1461916340801
14,1461916340818
14,1461916340835
14,1461916340853
14,1461916340869
14,1461916340885
14,1461916340901
14,1461916340916
14,1461916340932
14,1461916340948
14,1461916340963
14,1461916340979
14,1461916340995
14,1461916341011
14,1461916341027
14,1461916341043
14,1461916341059
14,1461916341075
14,1461916341091
14,1461916341107
14,1461916341123
14,1461916341139
14,1461916341155
14,1461916341171
14,1461916341187
14,1461916341203
14,1461916341219
14,1461916341235
14,1461916341251
14,1461916341267
15,1461916341284
15,1461916341300
15,1461916341316
15,1461916341332
15,1461916341348
15,1461916341364
15,1461916341382
15,1461916341399
15,1461916341415
15,1461916341431
15,1461916341447
15,1461916341463
15,1461916341480
15,1461916341496
15,1461916341512
15,1461916341529
15,1461916341546
15,1461916341563
15,1461916341579
15,1461916341595
15,1461916341612
15,1461916341628
15,1461916341645
15,1461916341662
15,1461916341678
15,1461916341694
15,1461916341711
15,1461916341729
15,1461916341747
15,1461916341765
15,1461916341783
15,1461916341801
15,1461916341819
15,1461916341836
15,1461916341854
15,1461916341871
15,1461916341888
15,1461916341904
15,1461916341921
15,1461916341938
15,1461916341954
15,1461916341971
15,1461916341987
15,1461916342004
15,1461916342021
15,1461916342038
15,1461916342054
16,1461916342070
16,1461916342088
16,1461916342105
16,1461916342121
16,1461916342138
16,1461916342154
16,1461916342171
16,1461916342189
16,1461916342206
16,1461916342223
16,1461916342240
16,1461916342257
16,1461916342274
16,1461916342291
16,1461916342309
16,1461916342326
16,1461916342343
16,1461916342361
16,1461916342377
16,1461916342394
16,1461916342411
16,1461916342428
16,1461916342444
16,1461916342462
16,1461916342479
16,1461916342496
16,1461916342513
16,1461916342530
16,1461916342548
16,1461916342565
16,1461916342581
16,1461916342599
16,1461916342616
16,1461916342633
16,1461916342650
16,1461916342667
16,1461916342685
16,1461916342703
16,1461916342720
16,1461916342738
16,1461916342757
16,1461916342775
16,1461916342793
16,1461916342811
16,1461916342828
17,1461916342845
17,1461916342862
17,1461916342880
17,1461916342897
17,1461916342914
17,1461916342932
17,1461916342949
17,1461916342967
17,1461916342984
17,1461916343002
17,1461916343020
17,1461916343037
17,1461916343055
17,1461916343072
17,1461916343089
17,1461916343107
17,1461916343124
17,1461916343142
17,1461916343160
17,1461916343177
17,1461916343194
17,1461916343212
17,1461916343229
17,1461916343247
17,1461916343264
17,1461916343281
17,1461916343298
17,1461916343316
17,1461916343334
17,1461916343351
17,1461916343369
17,1461916343387
17,1461916343404
17,1461916343422
17,1461916343440
17,1461916343458
17,1461916343476
17,1461916343494
17,1461916343512
17,1461916343530
17,1461916343548
17,1461916343565
17,1461916343583
17,1461916343601
17,1461916343619
18,1461916343636
18,1461916343654
18,1461916343672
18,1461916343690
18,1461916343708
18,1461916343726
18,1461916343744
18,1461916343761
18,1461916343780
18,1461916343800
18,1461916343819
18,1461916343839
18,1461916343857
18,1461916343875
18,1461916343893
18,1461916343911
18,1461916343930
18,1461916343948
18,1461916343966
18,1461916343984
18,1461916344002
18,1461916344020
18,1461916344038
18,1461916344056
18,1461916344074
18,1461916344093
18,1461916344110
18,1461916344129
18,1461916344146
18,1461916344165
18,1461916344183
18,1461916344201
18,1461916344219
18,1461916344237
18,1461916344255
18,1461916344274
18,1461916344292
18,1461916344311
18,1461916344330
18,1461916344348
18,1461916344367
18,1461916344385
19,1461916344403
19,1461916344422
19,1461916344440
19,1461916344458
19,1461916344477
19,1461916344496
19,1461916344514
19,1461916344532
19,1461916344551
19,1461916344570
19,1461916344588
19,1461916344607
19,1461916344626
19,1461916344645
19,1461916344664
19,1461916344683
19,1461916344701
19,1461916344720
19,1461916344738
19,1461916344757
19,1461916344775
19,1461916344794
19,1461916344813
19,1461916344833
19,1461916344853
19,1461916344873
19,1461916344893
19,1461916344913
19,1461916344933
19,1461916344953
19,1461916344973
19,1461916344992
19,1461916345010
19,1461916345029
19,1461916345047
19,1461916345066
19,1461916345084
19,1461916345103
19,1461916345122
19,1461916345141
19,1461916345159
19,1461916345178
20,1461916345196
20,1461916345215
20,1461916345234
20,1461916345252
20,1461916345271
20,1461916345290
20,1461916345308
20,1461916345327
20,1461916345346
20,1461916345365
20,1461916345384
20,1461916345403
20,1461916345422
20,1461916345441
20,1461916345460
20,1461916345479
20,1461916345498
20,1461916345517
20,1461916345536
20,1461916345554
20,1461916345573
20,1461916345592
20,1461916345611
20,1461916345630
20,1461916345650
20,1461916345669
20,1461916345689
20,1461916345708
20,1461916345727
20,1461916345746
20,1461916345765
20,1461916345784
20,1461916345804
20,1461916345823
20,1461916345844
20,1461916345865
20,1461916345885
20,1461916345906
20,1461916345926
20,1461916345946
20,1461916345966
21,1461916345985
21,1461916346004
21,1461916346024
21,1461916346043
21,1461916346062
21,1461916346082
21,1461916346102
21,1461916346121
21,1461916346140
21,1461916346161
21,1461916346180
21,1461916346199
21,1461916346219
21,1461916346237
21,1461916346257
21,1461916346277
21,1461916346296
21,1461916346316
21,1461916346336
21,1461916346355
21,1461916346374
21,1461916346394
21,1461916346414
21,1461916346434
21,1461916346453
21,1461916346473
21,1461916346493
21,1461916346512
21,1461916346532
21,1461916346552
21,1461916346572
21,1461916346592
21,1461916346612
21,1461916346632
21,1461916346652
21,1461916346671
21,1461916346691
21,1461916346711
21,1461916346731
22,1461916346751
22,1461916346771
22,1461916346791
22,1461916346811
22,1461916346831
22,1461916346851
22,1461916346870
22,1461916346890
22,1461916346910
22,1461916346930
22,1461916346951
22,1461916346972
22,1461916346992
22,1461916347012
22,1461916347032
22,1461916347053
22,1461916347073
22,1461916347093
22,1461916347114
22,1461916347134
22,1461916347154
22,1461916347174
22,1461916347194
22,1461916347214
22,1461916347234
22,1461916347254
22,1461916347274
22,1461916347295
22,1461916347315
22,1461916347335
22,1461916347356
22,1461916347376
22,1461916347396
22,1461916347417
22,1461916347437
22,1461916347457
22,1461916347477
22,1461916347498
22,1461916347518
23,1461916347538
23,1461916347558
23,1461916347578
23,1461916347598
23,1461916347618
23,1461916347639
23,1461916347660
23,1461916347680
23,1461916347701
23,1461916347722
23,1461916347742
23,1461916347763
23,1461916347784
23,1461916347804
23,1461916347825
23,1461916347846
23,1461916347867
23,1461916347887
23,1461916347908
23,1461916347930
23,1461916347950
23,1461916347972
23,1461916347994
23,1461916348016
23,1461916348038
23,1461916348060
23,1461916348081
23,1461916348101
23,1461916348122
23,1461916348144
23,1461916348165
23,1461916348186
23,1461916348207
23,1461916348228
23,1461916348248
23,1461916348269
23,1461916348290
24,1461916348311
24,1461916348333
24,1461916348355
24,1461916348376
24,1461916348397
24,1461916348418
24,1461916348439
24,1461916348460
24,1461916348481
24,1461916348503
24,1461916348524
24,1461916348545
24,1461916348566
24,1461916348587
24,1461916348609
24,1461916348630
24,1461916348651
24,1461916348673
24,1461916348694
24,1461916348715
24,1461916348736
24,1461916348757
24,1461916348779
24,1461916348800
24,1461916348821
24,1461916348843
24,1461916348864
24,1461916348886
24,1461916348907
24,1461916348929
24,1461916348950
24,1461916348971
24,1461916348992
24,1461916349015
24,1461916349037
24,1461916349060
25,1461916349083
25,1461916349105
25,1461916349128
25,1461916349150
25,1461916349171
25,1461916349192
25,1461916349214
25,1461916349235
25,1461916349257
25,1461916349278
25,1461916349300
25,1461916349322
25,1461916349344
25,1461916349366
25,1461916349388
25,1461916349409
25,1461916349431
25,1461916349452
25,1461916349474
25,1461916349495
25,1461916349517
25,1461916349539
25,1461916349560
25,1461916349582
25,1461916349604
25,1461916349626
25,1461916349648
25,1461916349670
25,1461916349692
25,1461916349713
25,1461916349735
25,1461916349756
25,1461916349778
25,1461916349800
25,1461916349821
25,1461916349844
26,1461916349865
26,1461916349887
26,1461916349909
26,1461916349931
26,1461916349953
26,1461916349974
26,1461916349996
26,1461916350018
26,1461916350040
26,1461916350063
26,1461916350085
26,1461916350107
26,1461916350129
26,1461916350153
26,1461916350176
26,1461916350200
26,1461916350223
26,1461916350247
26,1461916350269
26,1461916350291
26,1461916350313
26,1461916350335
26,1461916350357
26,1461916350379
26,1461916350402
26,1461916350424
26,1461916350445
26,1461916350467
26,1461916350489
26,1461916350511
26,1461916350534
26,1461916350556
26,1461916350578
26,1461916350601
26,1461916350624
27,1461916350646
27,1461916350669
27,1461916350691
27,1461916350714
27,1461916350737
27,1461916350760
27,1461916350782
27,1461916350805
27,1461916350827
27,1461916350850
27,1461916350873
27,1461916350895
27,1461916350918
27,1461916350941
27,1461916350963
27,1461916350986
27,1461916351009
27,1461916351032
27,1461916351055
27,1461916351077
27,1461916351100
27,1461916351123
27,1461916351145
27,1461916351167
27,1461916351189
27,1461916351213
27,1461916351236
27,1461916351260
27,1461916351284
27,1461916351308
27,1461916351332
27,1461916351355
27,1461916351380
28,1461916351403
28,1461916351426
28,1461916351448
28,1461916351471
28,1461916351494
28,1461916351517
28,1461916351540
28,1461916351563
28,1461916351586
28,1461916351609
28,1461916351632
28,1461916351655
28,1461916351678
28,1461916351701
28,1461916351724
28,1461916351747
28,1461916351770
28,1461916351794
28,1461916351817
28,1461916351841
28,1461916351864
28,1461916351887
28,1461916351910
28,1461916351933
28,1461916351956
28,1461916351980
28,1461916352003
28,1461916352027
28,1461916352050
28,1461916352073
28,1461916352096
28,1461916352120
28,1461916352143
28,1461916352166
29,1461916352189
29,1461916352213
29,1461916352236
29,1461916352260
29,1461916352284
29,1461916352309
29,1461916352334
29,1461916352358
29,1461916352383
29,1461916352407
29,1461916352431
29,1461916352455
29,1461916352478
29,1461916352502
29,1461916352526
29,1461916352550
29,1461916352574
29,1461916352597
29,1461916352622
29,1461916352645
29,1461916352669
29,1461916352692
29,1461916352716
29,1461916352739
29,1461916352763
29,1461916352787
29,1461916352811
29,1461916352835
29,1461916352859
29,1461916352882
29,1461916352906
29,1461916352929
30,1461916352953
30,1461916352977
30,1461916353001
30,1461916353025
30,1461916353048
30,1461916353073
30,1461916353097
30,1461916353121
30,1461916353145
30,1461916353169
30,1461916353193
30,1461916353217
30,1461916353241
30,1461916353266
30,1461916353290
30,1461916353314
30,1461916353339
30,1461916353364
30,1461916353390
30,1461916353416
30,1461916353441
30,1461916353467
30,1461916353491
30,1461916353515
30,1461916353539
30,1461916353563
30,1461916353588
30,1461916353612
30,1461916353637
30,1461916353662
30,1461916353686
30,1461916353711
31,1461916353735
31,1461916353759
31,1461916353784
31,1461916353808
31,1461916353833
31,1461916353858
31,1461916353882
31,1461916353906
31,1461916353931
31,1461916353955
31,1461916353980
31,1461916354005
31,1461916354030
31,1461916354055
31,1461916354080
31,1461916354104
31,1461916354130
31,1461916354155
31,1461916354179
31,1461916354204
31,1461916354229
31,1461916354254
31,1461916354279
31,1461916354304
31,1461916354329
31,1461916354353
31,1461916354379
31,1461916354405
31,1461916354431
31,1461916354457
31,1461916354483
32,1461916354509
32,1461916354535
32,1461916354560
32,1461916354585
32,1461916354610
32,1461916354634
32,1461916354660
32,1461916354685
32,1461916354710
32,1461916354735
32,1461916354760
32,1461916354785
32,1461916354810
32,1461916354835
32,1461916354861
32,1461916354886
32,1461916354911
32,1461916354936
32,1461916354961
32,1461916354986
32,1461916355011
32,1461916355037
32,1461916355062
32,1461916355087
32,1461916355112
32,1461916355137
32,1461916355163
32,1461916355188
32,1461916355213
32,1461916355237
33,1461916355263
33,1461916355288
33,1461916355313
33,1461916355338
33,1461916355363
33,1461916355388
33,1461916355414
33,1461916355441
33,1461916355467
33,1461916355494
33,1461916355520
33,1461916355546
33,1461916355572
33,1461916355599
33,1461916355625
33,1461916355652
33,1461916355678
33,1461916355703
33,1461916355729
33,1461916355754
33,1461916355779
33,1461916355804
33,1461916355830
33,1461916355856
33,1461916355881
33,1461916355906
33,1461916355932
33,1461916355957
33,1461916355982
33,1461916356008
34,1461916356033
34,1461916356059
34,1461916356085
34,1461916356110
34,1461916356136
34,1461916356162
34,1461916356187
34,1461916356212
34,1461916356237
34,1461916356263
34,1461916356289
34,1461916356315
34,1461916356340
34,1461916356366
34,1461916356392
34,1461916356417
34,1461916356443
34,1461916356469
34,1461916356496
34,1461916356523
34,1461916356550
34,1461916356577
34,1461916356604
34,1461916356632
34,1461916356659
34,1461916356686
34,1461916356713
34,1461916356740
34,1461916356768
34,1461916356795
35,1461916356821
35,1461916356847
35,1461916356873
35,1461916356899
35,1461916356925
35,1461916356951
35,1461916356977
35,1461916357003
35,1461916357030
35,1461916357056
35,1461916357082
35,1461916357109
35,1461916357135
35,1461916357162
35,1461916357188
35,1461916357214
35,1461916357240
35,1461916357267
35,1461916357294
35,1461916357320
35,1461916357347
35,1461916357373
35,1461916357400
35,1461916357427
35,1461916357453
35,1461916357480
35,1461916357508
35,1461916357535
35,1461916357563
36,1461916357591
36,1461916357619
36,1461916357647
36,1461916357675
36,1461916357702
36,1461916357729
36,1461916357756
36,1461916357784
36,1461916357811
36,1461916357838
36,1461916357865
36,1461916357892
36,1461916357919
36,1461916357946
36,1461916357973
36,1461916358000
36,1461916358028
36,1461916358055
36,1461916358082
36,1461916358110
36,1461916358137
36,1461916358164
36,1461916358191
36,1461916358219
36,1461916358246
36,1461916358274
36,1461916358302
36,1461916358329
36,1461916358356
37,1461916358384
37,1461916358412
37,1461916358439
37,1461916358467
37,1461916358495
37,1461916358524
37,1461916358553
37,1461916358582
37,1461916358611
37,1461916358639
37,1461916358668
37,1461916358697
37,1461916358726
37,1461916358756
37,1461916358785
37,1461916358814
37,1461916358843
37,1461916358870
37,1461916358898
37,1461916358926
37,1461916358954
37,1461916358982
37,1461916359010
37,1461916359039
37,1461916359067
37,1461916359095
37,1461916359122
37,1461916359150
38,1461916359179
38,1461916359207
38,1461916359235
38,1461916359264
38,1461916359292
38,1461916359320
38,1461916359348
38,1461916359377
38,1461916359405
38,1461916359434
38,1461916359463
38,1461916359491
38,1461916359519
38,1461916359548
38,1461916359577
38,1461916359607
38,1461916359636
38,1461916359666
38,1461916359696
38,1461916359725
38,1461916359754
38,1461916359782
38,1461916359811
38,1461916359840
38,1461916359869
38,1461916359897
38,1461916359927
39,1461916359956
39,1461916359984
39,1461916360013
39,1461916360042
39,1461916360071
39,1461916360100
39,1461916360129
39,1461916360158
39,1461916360186
39,1461916360215
39,1461916360244
39,1461916360274
39,1461916360303
39,1461916360331
39,1461916360361
39,1461916360390
39,1461916360419
39,1461916360449
39,1461916360479
39,1461916360508
39,1461916360537
39,1461916360567
39,1461916360597
39,1461916360628
39,1461916360659
39,1461916360690
40,1461916360720
40,1461916360751
40,1461916360781
40,1461916360812
40,1461916360842
40,1461916360874
40,1461916360905
40,1461916360935
40,1461916360965
40,1461916360995
40,1461916361024
40,1461916361054
40,1461916361083
40,1461916361113
40,1461916361142
40,1461916361173
40,1461916361202
40,1461916361232
40,1461916361262
40,1461916361292
40,1461916361323
40,1461916361352
40,1461916361383
40,1461916361412
40,1461916361443
40,1461916361473
41,1461916361503
41,1461916361534
41,1461916361564
41,1461916361594
41,1461916361624
41,1461916361654
41,1461916361685
41,1461916361715
41,1461916361746
41,1461916361778
41,1461916361808
41,1461916361839
41,1461916361869
41,1461916361900
41,1461916361931
41,1461916361962
41,1461916361993
41,1461916362025
41,1461916362057
41,1461916362089
41,1461916362120
41,1461916362152
41,1461916362184
41,1461916362216
41,1461916362246
42,1461916362277
42,1461916362308
42,1461916362339
42,1461916362371
42,1461916362401
42,1461916362432
42,1461916362463
42,1461916362495
42,1461916362528
42,1461916362561
42,1461916362593
42,1461916362625
42,1461916362657
43,1461916363696
45,1461916364937
45,1461916364978
45,1461916365019
45,1461916365061
45,1461916365103
45,1461916365145
45,1461916365187
45,1461916365230
46,1461916365271
46,1461916365314
47,1461916366363
48,1461916367417
49,1461916367469
49,1461916367521
49,1461916367572
50,1461916368630
50,1461916368687
50,1461916368742
52,1461916369804
52,1461916369864
52,1461916369924
52,1461916369983
52,1461916370042
52,1461916370101
52,1461916370161
52,1461916370219
52,1461916370279
52,1461916370339
52,1461916370398
53,1461916370458
53,1461916370519
53,1461916370578
54,1461916371644
56,1461916372713
56,1461916372980
56,1461916373049
56,1461916373116
56,1461916373185
58,1461916374261
58,1461916374334
58,1461916374406
58,1461916374480
59,1461916375558
60,1461916375635
60,1461916375712
61,1461916376797
61,1461916376878
61,1461916376959
61,1461916377042
62,1461916377123
62,1461916377204
63,1461916378292
63,1461916378377
63,1461916378465
63,1461916378551
64,1461916378637
64,1461916378727
64,1461916378812
64,1461916378897
64,1461916378984
66,1461916380072
66,1461916380162
66,1461916380251
66,1461916380340
66,1461916380430
66,1461916380519
68,1461916381615
68,1461916381708
68,1461916381801
68,1461916381894
68,1461916381989
68,1461916382085
68,1461916382179
68,1461916382273
69,1461916382368
69,1461916382462
69,1461916382757
69,1461916382851
69,1461916382944
69,1461916383237
70,1461916383332
71,1461916384433
71,1461916384531
72,1461916384630
72,1461916384728
72,1461916384828
72,1461916384927
72,1461916385028
72,1461916385129
72,1461916385227
74,1461916386330
74,1461916386431
74,1461916386735
75,1461916386839
76,1461916387948
76,1461916388056
76,1461916388165
77,1461916388273
78,1461916389386
78,1461916389499
80,1461916390615
80,1461916390731
80,1461916390847
80,1461916391151
81,1461916391268
81,1461916391386
81,1461916391503
81,1461916391619
81,1461916391736
81,1461916391853
81,1461916391968
82,1461916392085
83,1461916393207
83,1461916393328
83,1461916393450
84,1461916393571
84,1461916393692
84,1461916393814
84,1461916393938
86,1461916395063
87,1461916396195
87,1461916396326
88,1461916396455
88,1461916396585
88,1461916396719
88,1461916396849
88,1461916396977
88,1461916397108
89,1461916397237
90,1461916398373
92,1461916399512
92,1461916399649
92,1461916399990
92,1461916400129
93,1461916400268
93,1461916400407
93,1461916400546
93,1461916400685
93,1461916400823
94,1461916400967
94,1461916401105
94,1461916401244
94,1461916401382
94,1461916401522
95,1461916401662
95,1461916401801
95,1461916401940
95,1461916402080
95,1461916402219
95,1461916402358
97,1461916403507
97,1461916403649
97,1461916403791
98,1461916403933
98,1461916404074
99,1461916405220
100,1461916405371
100,1461916405516
100,1461916405663
100,1461916405809
102,1461916406961
102,1461916407112
102,1461916407263
102,1461916407414
102,1461916407565
103,1461916407717
103,1461916407867
104,1461916409023
105,1461916409179
105,1461916409333
105,1461916409488
105,1461916409646
105,1461916409801
106,1461916409954
106,1461916410108
106,1461916410463
107,1461916410616
107,1461916410770
107,1461916410924
107,1461916411080
107,1461916411234
108,1461916411389
108,1461916411545
108,1461916411700
108,1461916411855
108,1461916412011
110,1461916413172
110,1461916413331
110,1461916413491
111,1461916413650
111,1461916413809
111,1461916413970
111,1461916414130
112,1461916414289
112,1461916414454
112,1461916414614
112,1461916414773
112,1461916414933
113,1461916415092
113,1461916415252
113,1461916415411
113,1461916415569
113,1461916415729
115,1461916416894
115,1461916417057
115,1461916417220
117,1461916418391
119,1461916419566
119,1461916419740
122,1461916421932
122,1461916422115
122,1461916422299
123,1461916422682
123,1461916422868
123,1461916423051
125,1461916424241
127,1461916425436
127,1461916425625
127,1461916425818
127,1461916426211
129,1461916427407
129,1461916427802
130,1461916428200
131,1461916428397
131,1461916428595
131,1461916428791
131,1461916428992
133,1461916430195
133,1461916430395
134,1461916430592
134,1461916430793
137,1461916433004
140,1461916435222
140,1461916435439
140,1461916435656
142,1461916437082
143,1461916437301
143,1461916437523
143,1461916437747
145,1461916438972
149,1461916442219
150,1461916442463
154,1461916445718
154,1461916445968
155,1461916446225
155,1461916446476
155,1461916446726
158,1461916449153
159,1461916449410
159,1461916449669
161,1461916450936
161,1461916451199
162,1461916451462
162,1461916451725
164,1461916452993
165,1461916454264
167,1461916455740
169,1461916457019
170,1461916457296
172,1461916458778
172,1461916459063
174,1461916460353
175,1461916461648
177,1461916463140
182,1461916466651
183,1461916466962
184,1461916468274
186,1461916469788
187,1461916470299
189,1461916471621
189,1461916471939
190,1461916472260
190,1461916472578
192,1461916473902
195,1461916476240
197,1461916477573
197,1461916477919
198,1461916478255
198,1461916478589
199,1461916478926
201,1461916480265
201,1461916480604
202,1461916480942
202,1461916481280
202,1461916481619
203,1461916481956
203,1461916482294
204,1461916482631
204,1461916482971
206,1461916484513
207,1461916484855
207,1461916485201
208,1461916485543
208,1461916485887
209,1461916486232
209,1461916486575
210,1461916486918
210,1461916487261
212,1461916488611
212,1461916488960
213,1461916489308
213,1461916489652
214,1461916489999
214,1461916490347
216,1461916491699
217,1461916492052
218,1461916493408
219,1461916493763
221,1461916495127
221,1461916495686
223,1461916497054
224,1461916497420
224,1461916497784
226,1461916499153
227,1461916499532
227,1461916499901
229,1461916501275
229,1461916501648
230,1461916502017
230,1461916502388
231,1461916502760
231,1461916503131
232,1461916503505
233,1461916503892
234,1461916505269
236,1461916506648
237,1461916507032
237,1461916507412
238,1461916507797
240,1461916509195
242,1461916510581
242,1461916510971
243,1461916511360
243,1461916511950
244,1461916512345
247,1461916514757
252,1461916518170
252,1461916518581
253,1461916518993
253,1461916519400
255,1461916520814
256,1461916521426
257,1461916521840
257,1461916522256
258,1461916522669
258,1461916523085
259,1461916523513
261,1461916524930
262,1461916525350
262,1461916525769
263,1461916526184
263,1461916526603
264,1461916527022
264,1461916527440
265,1461916527865
265,1461916528296
266,1461916528913
267,1461916529337
269,1461916530764
271,1461916532195
274,1461916534635
276,1461916536093
277,1461916536533
277,1461916537173
278,1461916537615
280,1461916539056
281,1461916539501
283,1461916541276
284,1461916541725
284,1461916542174
285,1461916542622
287,1461916544074
287,1461916544524
289,1461916545981
290,1461916546436
291,1461916546889
293,1461916548350
295,1461916549814
295,1461916550277
296,1461916550746
296,1461916551211
298,1461916552679
299,1461916553161
300,1461916553629
302,1461916555303
303,1461916555777
303,1461916556245
304,1461916556716
307,1461916559199
309,1461916560679
311,1461916562166
312,1461916562656
313,1461916563142
315,1461916564633
315,1461916565330
318,1461916566826
320,1461916568330
320,1461916568850
321,1461916569348
322,1461916569849
324,1461916571369
326,1461916572880
326,1461916573389
327,1461916573901
328,1461916574411
329,1461916574920
331,1461916576434
331,1461916576947
335,1461916579778
336,1461916580299
341,1461916583838
341,1461916584709
342,1461916585241
346,1461916587785
347,1461916588343
347,1461916588885
348,1461916589432
349,1461916589978
350,1461916590716
351,1461916591463
353,1461916593014
355,1461916594564
356,1461916595317
357,1461916595870
358,1461916596620
359,1461916597171
359,1461916597725
362,1461916599278
362,1461916599837
370,1461916605437
371,1461916606209
372,1461916606784
372,1461916607378
376,1461916610161
377,1461916610746
378,1461916611337
379,1461916611923
379,1461916612521
380,1461916613108
384,1461916615706
386,1461916617321
388,1461916618919
390,1461916620526
391,1461916621130
392,1461916621730
393,1461916622338
398,1461916625961
398,1461916626574
401,1461916628331
402,1461916629149
407,1461916632790
408,1461916633420
409,1461916634056
409,1461916634687
412,1461916636325
414,1461916637984
417,1461916640630
420,1461916642288
421,1461916642943
421,1461916643591
424,1461916645390
425,1461916646049
426,1461916646703
428,1461916648361
430,1461916650028
435,1461916653709
436,1461916654383
441,1461916658078
443,1461916659774
447,1461916662498
448,1461916663256
453,1461916666973
454,1461916667704
458,1461916670427
459,1461916671147
460,1461916672072
464,1461916674800
466,1461916676537
467,1461916677270
468,1461916678004
469,1461916678734
471,1461916680473
472,1461916681209
473,1461916681943
476,1461916683687
478,1461916685431
479,1461916686179
484,1461916689963
485,1461916690717
490,1461916694496
494,1461916697279
495,1461916698052
499,1461916700842
501,1461916702633
502,1461916703421
503,1461916704208
504,1461916704998
507,1461916706795
508,1461916707588
512,1461916710393
513,1461916711188
514,1461916711992
515,1461916712795
518,1461916714596
519,1461916715402
524,1461916719228
525,1461916720042
529,1461916723067
530,1461916723897
533,1461916725724
534,1461916726553
535,1461916727584
536,1461916728411
541,1461916732258
544,1461916734131
546,1461916735981
548,1461916736828
550,1461916738686
551,1461916739532
554,1461916741390
558,1461916744261
560,1461916746124
563,1461916747994
564,1461916748870
566,1461916750746
569,1461916752627
571,1461916754519
573,1461916755398
575,1461916757291
576,1461916758208
579,1461916760102
580,1461916760994
584,1461916763890
588,1461916766804
592,1461916769726
595,1461916771647
596,1461916772564
597,1461916773490
601,1461916776415
605,1461916779529
607,1461916780468
608,1461916781403
