0,1461839997810,1461839998825
1,1461839998900,1461839999601
2,1461839999699,1461840000379
3,1461840000498,1461840001157
4,1461840001289,1461840001938
5,1461840002082,1461840002765
6,1461840002928,1461840003537
7,1461840003712,1461840004307
8,1461840004510,1461840005074
9,1461840005276,1461840005841
10,1461840006075,1461840006620
11,1461840006860,1461840007383
12,1461840007632,1461840008152
13,1461840008382,1461840008921
14,1461840009162,1461840009686
15,1461840009931,1461840010447
16,1461840010742,1461840011199
17,1461840011510,1461840011951
18,1461840012272,1461840012703
19,1461840013026,1461840013454
20,1461840013785,1461840014208
21,1461840014562,1461840014959
22,1461840015314,1461840015709
23,1461840016068,1461840016460
24,1461840016824,1461840017211
25,1461840017564,1461840017962
26,1461840018321,1461840018723
27,1461840019077,1461840019480
28,1461840019875,1461840020230
29,1461840020591,1461840020981
30,1461840021403,1461840021733
31,1461840022052,1461840022487
32,1461840022771,1461840023239
33,1461840023594,1461840023989
34,1461840024308,1461840024743
35,1461840025066,1461840025493
36,1461840025852,1461840026243
37,1461840026529,1461840026993
38,1461840027290,1461840027743
39,1461840028139,1461840028499
40,1461840028843,1461840029267
41,1461840029658,1461840030016
42,1461840030343,1461840030767
43,1461840031101,1461840031517
44,1461840031829,1461840032268
45,1461840032591,1461840033019
46,1461840033383,1461840033769
47,1461840034122,1461840034521
48,1461840034896,1461840035271
49,1461840035634,1461840036020
50,1461840036380,1461840036770
51,1461840037135,1461840037520
52,1461840037925,1461840038271
53,1461840038630,1461840039028
54,1461840039442,1461840039780
55,1461840040161,1461840040529
56,1461840040938,1461840041279
57,1461840041699,1461840042029
58,1461840042417,1461840042779
59,1461840043193,1461840043530
60,1461840044059,1461840044287
61,1461840044694,1461840045037
62,1461840045441,1461840045786
63,1461840046195,1461840046540
64,1461840046956,1461840047294
65,1461840047781,1461840048046
66,1461840048530,1461840048805
67,1461840049204,1461840049577
68,1461840050001,1461840050333
69,1461840050746,1461840051088
70,1461840051524,1461840051843
71,1461840052279,1461840052599
72,1461840053012,1461840053351
73,1461840053782,1461840054104
74,1461840054557,1461840054857
75,1461840055368,1461840055608
76,1461840056064,1461840056366
77,1461840056828,1461840057125
78,1461840057567,1461840057883
79,1461840058405,1461840058634
80,1461840059153,1461840059383
81,1461840059878,1461840060133
82,1461840060638,1461840060882
83,1461840061374,1461840061632
84,1461840062208,1461840062383
85,1461840062890,1461840063133
86,1461840063669,1461840063887
87,1461840064455,1461840064637
88,1461840065214,1461840065386
89,1461840065910,1461840066136
90,1461840066644,1461840066890
91,1461840067418,1461840067640
92,1461840068195,1461840068390
93,1461840068910,1461840069163
94,1461840069698,1461840069932
95,1461840070457,1461840070694
96,1461840071220,1461840071444
97,1461840072022,1461840072194
98,1461840072691,1461840072945
99,1461840073503,1461840073698
100,1461840074248,1461840074467
101,1461840075067,1461840075216
102,1461840075749,1461840075966
103,1461840076578,1461840076716
104,1461840077302,1461840077465
105,1461840078106,1461840078221
106,1461840078839,1461840078982
107,1461840079540,1461840079731
108,1461840080355,1461840080481
109,1461840081136,1461840081230
110,1461840081847,1461840081981
111,1461840082639,1461840082733
112,1461840083320,1461840083487
113,1461840084118,1461840084239
114,1461840084815,1461840084997
115,1461840085546,1461840085747
116,1461840086356,1461840086498
117,1461840087095,1461840087248
118,1461840087873,1461840087999
119,1461840088694,1461840088754
120,1461840089360,1461840089505
121,1461840090149,1461840090255
122,1461840090901,1461840091004
123,1461840091579,1461840091755
124,1461840092379,1461840092505
125,1461840093180,1461840093255
126,1461840093826,1461840094005
127,1461840094520,1461840094763
128,1461840095419,1461840095515
129,1461840096116,1461840096264
130,1461840096896,1461840097014
131,1461840097639,1461840097764
132,1461840098386,1461840098528
133,1461840099134,1461840099279
134,1461840099926,1461840100028
135,1461840100680,1461840100778
136,1461840101477,1461840101528
137,1461840102153,1461840102279
138,1461840103000,1461840103031
139,1461840103641,1461840103799
140,1461840104410,1461840104549
141,1461840105267,1461840105299
142,1461840105998,1461840106048
143,1461840106776,1461840106798
144,1461840107512,1461840107547
145,1461840108343,1461840108305
146,1461840108956,1461840109059
147,1461840109747,1461840109809
148,1461840110453,1461840110559
149,1461840111337,1461840111308
150,1461840112045,1461840112059
151,1461840112757,1461840112809
152,1461840113474,1461840113574
153,1461840114329,1461840114327
154,1461840114920,1461840115086
155,1461840115734,1461840115837
156,1461840116688,1461840116594
157,1461840117282,1461840117359
158,1461840118013,1461840118116
159,1461840118797,1461840118878
160,1461840119581,1461840119640
161,1461840120322,1461840120400
162,1461840121156,1461840121163
163,1461840121993,1461840121920
164,1461840122646,1461840122673
165,1461840123302,1461840123428
166,1461840124146,1461840124178
167,1461840124807,1461840124928
168,1461840125656,1461840125677
169,1461840126367,1461840126427
170,1461840127175,1461840127176
171,1461840127937,1461840127926
172,1461840128608,1461840128675
173,1461840129472,1461840129425
174,1461840130194,1461840130174
175,1461840130868,1461840130924
176,1461840131692,1461840131673
177,1461840132419,1461840132423
178,1461840133150,1461840133174
179,1461840133835,1461840133924
180,1461840134618,1461840134673
181,1461840135456,1461840135423
182,1461840136195,1461840136172
183,1461840136985,1461840136926
184,1461840137779,1461840137676
185,1461840138476,1461840138426
186,1461840139225,1461840139176
187,1461840139975,1461840139925
188,1461840140725,1461840140675
189,1461840141480,1461840141424
190,1461840142188,1461840142175
191,1461840142995,1461840142926
192,1461840143703,1461840143681
193,1461840144467,1461840144442
194,1461840145281,1461840145191
195,1461840146046,1461840145940
196,1461840146663,1461840146691
197,1461840147484,1461840147453
198,1461840148255,1461840148202
199,1461840149135,1461840148957
200,1461840149704,1461840149706
201,1461840150536,1461840150456
202,1461840151265,1461840151205
203,1461840152100,1461840151955
204,1461840152780,1461840152705
205,1461840153511,1461840153455
206,1461840154198,1461840154211
207,1461840154889,1461840154970
208,1461840155736,1461840155721
209,1461840156585,1461840156470
210,1461840157171,1461840157220
211,1461840157971,1461840157969
212,1461840158824,1461840158738
213,1461840159627,1461840159499
214,1461840160327,1461840160248
215,1461840161134,1461840160997
216,1461840161836,1461840161747
217,1461840162486,1461840162497
218,1461840163460,1461840163251
219,1461840164330,1461840164001
220,1461840164820,1461840164750
221,1461840165586,1461840165500
222,1461840166406,1461840166249
223,1461840167174,1461840166999
224,1461840167890,1461840167751
225,1461840168718,1461840168501
226,1461840169381,1461840169253
227,1461840170047,1461840170005
228,1461840170881,1461840170754
229,1461840171549,1461840171503
230,1461840172386,1461840172253
231,1461840173113,1461840173003
232,1461840173843,1461840173758
233,1461840174518,1461840174520
234,1461840175255,1461840175280
235,1461840175997,1461840176038
236,1461840176796,1461840176796
237,1461840177538,1461840177545
238,1461840178341,1461840178296
239,1461840179139,1461840179050
240,1461840179938,1461840179799
241,1461840180684,1461840180549
242,1461840181604,1461840181298
243,1461840182122,1461840182048
244,1461840182988,1461840182798
245,1461840183627,1461840183548
246,1461840184497,1461840184301
247,1461840185312,1461840185050
248,1461840185952,1461840185800
249,1461840186886,1461840186549
250,1461840187355,1461840187300
251,1461840188175,1461840188050
252,1461840188936,1461840188799
253,1461840189644,1461840189549
254,1461840190585,1461840190298
255,1461840191234,1461840191047
256,1461840191886,1461840191797
257,1461840192656,1461840192547
258,1461840193487,1461840193297
259,1461840194203,1461840194049
260,1461840194978,1461840194799
261,1461840195694,1461840195549
262,1461840196473,1461840196299
263,1461840197314,1461840197048
264,1461840197916,1461840197798
265,1461840198698,1461840198565
266,1461840199482,1461840199320
267,1461840200450,1461840200069
268,1461840200936,1461840200819
269,1461840201787,1461840201569
270,1461840202517,1461840202322
271,1461840203187,1461840203074
272,1461840204106,1461840203841
273,1461840204838,1461840204592
274,1461840205573,1461840205342
275,1461840206373,1461840206092
276,1461840207051,1461840206842
277,1461840207791,1461840207592
278,1461840208530,1461840208343
279,1461840209396,1461840209093
280,1461840210204,1461840209843
281,1461840210826,1461840210592
282,1461840211510,1461840211342
283,1461840212382,1461840212093
284,1461840213069,1461840212842
285,1461840213758,1461840213592
286,1461840214511,1461840214344
287,1461840215328,1461840215094
288,1461840216146,1461840215843
289,1461840216714,1461840216593
290,1461840217661,1461840217342
291,1461840218232,1461840218092
292,1461840219057,1461840218849
293,1461840219883,1461840219599
294,1461840220707,1461840220348
295,1461840221408,1461840221097
296,1461840222175,1461840221849
297,1461840222750,1461840222599
298,1461840223647,1461840223349
299,1461840224415,1461840224099
300,1461840225058,1461840224849
301,1461840225830,1461840225598
302,1461840226474,1461840226348
303,1461840227700,1461840227098
304,1461840228090,1461840227847
305,1461840228933,1461840228597
306,1461840229516,1461840229346
307,1461840230363,1461840230096
308,1461840231143,1461840230845
309,1461840231993,1461840231595
310,1461840232516,1461840232347
311,1461840233301,1461840233097
312,1461840234089,1461840233847
313,1461840234878,1461840234599
314,1461840235602,1461840235349
315,1461840236327,1461840236101
316,1461840237117,1461840236854
317,1461840237846,1461840237604
318,1461840238643,1461840238358
319,1461840239305,1461840239112
320,1461840240169,1461840239862
321,1461840240900,1461840240611
322,1461840241568,1461840241360
323,1461840242369,1461840242119
324,1461840243038,1461840242869
325,1461840243908,1461840243620
326,1461840244781,1461840244369
327,1461840245385,1461840245118
328,1461840246125,1461840245868
329,1461840247003,1461840246617
330,1461840247679,1461840247367
331,1461840248423,1461840248125
332,1461840249167,1461840248895
333,1461840249781,1461840249646
334,1461840250530,1461840250396
335,1461840251415,1461840251145
336,1461840252231,1461840251897
337,1461840252912,1461840252646
338,1461840253802,1461840253396
339,1461840254420,1461840254156
340,1461840255311,1461840254906
341,1461840256068,1461840255655
342,1461840256618,1461840256405
343,1461840257446,1461840257167
344,1461840258207,1461840257923
345,1461840258965,1461840258673
346,1461840259593,1461840259426
347,1461840260358,1461840260181
348,1461840261329,1461840260931
349,1461840262161,1461840261680
350,1461840262788,1461840262430
351,1461840263279,1461840263180
352,1461840264187,1461840263939
353,1461840264957,1461840264709
354,1461840265727,1461840265479
355,1461840266569,1461840266242
356,1461840267203,1461840266992
357,1461840268118,1461840267741
358,1461840268823,1461840268491
359,1461840269741,1461840269241
360,1461840270307,1461840269991
361,1461840270874,1461840270741
362,1461840271868,1461840271491
363,1461840272577,1461840272241
364,1461840273359,1461840272991
365,1461840274001,1461840273745
366,1461840274717,1461840274521
367,1461840275579,1461840275291
368,1461840276297,1461840276050
369,1461840277090,1461840276808
370,1461840277955,1461840277558
371,1461840278670,1461840278307
372,1461840279388,1461840279057
373,1461840280109,1461840279807
374,1461840280833,1461840280556
375,1461840281483,1461840281306
376,1461840282425,1461840282058
377,1461840283076,1461840282807
378,1461840283875,1461840283565
379,1461840284676,1461840284315
380,1461840285406,1461840285064
381,1461840286206,1461840285814
382,1461840286938,1461840286563
383,1461840287667,1461840287314
384,1461840288326,1461840288064
385,1461840289280,1461840288814
386,1461840290086,1461840289564
387,1461840290674,1461840290313
388,1461840291339,1461840291063
389,1461840292074,1461840291818
390,1461840292885,1461840292590
391,1461840293623,1461840293357
392,1461840294437,1461840294121
393,1461840295179,1461840294888
394,1461840296068,1461840295637
395,1461840296960,1461840296386
396,1461840297557,1461840297136
397,1461840298376,1461840297885
398,1461840298973,1461840298644
399,1461840299794,1461840299393
400,1461840300615,1461840300143
401,1461840301366,1461840300892
402,1461840301891,1461840301641
403,1461840302717,1461840302391
404,1461840303468,1461840303141
405,1461840304296,1461840303896
406,1461840304900,1461840304650
407,1461840305730,1461840305399
408,1461840306485,1461840306149
409,1461840307545,1461840306899
410,1461840307997,1461840307648
411,1461840308832,1461840308414
412,1461840309440,1461840309166
413,1461840310050,1461840309919
414,1461840311040,1461840310668
415,1461840311951,1461840311418
416,1461840312561,1461840312168
417,1461840313327,1461840312917
418,1461840314015,1461840313686
419,1461840314781,1461840314444
420,1461840315548,1461840315194
421,1461840316393,1461840315943
422,1461840317238,1461840316693
423,1461840317855,1461840317444
424,1461840318548,1461840318194
425,1461840319472,1461840318948
426,1461840320167,1461840319697
427,1461840320709,1461840320446
428,1461840321484,1461840321195
429,1461840322490,1461840321945
430,1461840323109,1461840322694
431,1461840323809,1461840323443
432,1461840324588,1461840324193
433,1461840325212,1461840324942
434,1461840326070,1461840325691
435,1461840327006,1461840326441
436,1461840327708,1461840327190
437,1461840328413,1461840327940
438,1461840329120,1461840328693
439,1461840329982,1461840329463
440,1461840330767,1461840330227
441,1461840331472,1461840330977
442,1461840332104,1461840331726
443,1461840333051,1461840332478
444,1461840333602,1461840333227
445,1461840334394,1461840333987
446,1461840335032,1461840334747
447,1461840335747,1461840335506
448,1461840336624,1461840336265
449,1461840337576,1461840337028
450,1461840338529,1461840337777
451,1461840339088,1461840338529
452,1461840339806,1461840339280
453,1461840340443,1461840340029
454,1461840341243,1461840340779
455,1461840341964,1461840341528
456,1461840342845,1461840342289
457,1461840343565,1461840343040
458,1461840344210,1461840343804
459,1461840345009,1461840344553
460,1461840345895,1461840345303
461,1461840346620,1461840346052
462,1461840347343,1461840346802
463,1461840347909,1461840347551
464,1461840348797,1461840348301
465,1461840349522,1461840349051
466,1461840350413,1461840349800
467,1461840351063,1461840350549
468,1461840351714,1461840351299
469,1461840352606,1461840352049
470,1461840353336,1461840352798
471,1461840354149,1461840353551
472,1461840355045,1461840354309
473,1461840355779,1461840355058
474,1461840356350,1461840355808
475,1461840357163,1461840356557
476,1461840357819,1461840357307
477,1461840358559,1461840358057
478,1461840359214,1461840358807
479,1461840360118,1461840359557
480,1461840360855,1461840360306
481,1461840361679,1461840361055
482,1461840362338,1461840361805
483,1461840362999,1461840362557
484,1461840363744,1461840363306
485,1461840364569,1461840364056
486,1461840365310,1461840364805
487,1461840366221,1461840365554
488,1461840366719,1461840366304
489,1461840367550,1461840367054
490,1461840368378,1461840367810
491,1461840369207,1461840368559
492,1461840370123,1461840369309
493,1461840370540,1461840370058
494,1461840371291,1461840370807
495,1461840372127,1461840371557
496,1461840372795,1461840372309
497,1461840373632,1461840373058
498,1461840374299,1461840373807
499,1461840375139,1461840374557
500,1461840375643,1461840375306
501,1461840376566,1461840376055
502,1461840377323,1461840376806
503,1461840377997,1461840377557
504,1461840378758,1461840378307
505,1461840379602,1461840379056
506,1461840380360,1461840379806
507,1461840381119,1461840380555
508,1461840382134,1461840381304
509,1461840382644,1461840382057
510,1461840383407,1461840382806
511,1461840384170,1461840383555
512,1461840384934,1461840384305
513,1461840385614,1461840385054
514,1461840386295,1461840385803
515,1461840387233,1461840386553
516,1461840387661,1461840387304
517,1461840388514,1461840388053
518,1461840389282,1461840388803
519,1461840390054,1461840389553
520,1461840390826,1461840390302
521,1461840391512,1461840391052
522,1461840392373,1461840391803
523,1461840393060,1461840392558
524,1461840393920,1461840393307
525,1461840394523,1461840394057
526,1461840395130,1461840394816
527,1461840395909,1461840395575
528,1461840396603,1461840396334
529,1461840397728,1461840397084
530,1461840398505,1461840397833
531,1461840399287,1461840398583
532,1461840399894,1461840399333
533,1461840400675,1461840400082
534,1461840401544,1461840400831
535,1461840402151,1461840401581
536,1461840402846,1461840402330
537,1461840403718,1461840403079
538,1461840404067,1461840403829
539,1461840405202,1461840404578
540,1461840405901,1461840405327
541,1461840406687,1461840406077
542,1461840407476,1461840406828
543,1461840408264,1461840407580
544,1461840408793,1461840408329
545,1461840409584,1461840409086
546,1461840410286,1461840409836
547,1461840410903,1461840410585
548,1461840411606,1461840411335
549,1461840412488,1461840412085
550,1461840413108,1461840412835
551,1461840413814,1461840413584
552,1461840414521,1461840414334
553,1461840415314,1461840415084
554,1461840416291,1461840415833
555,1461840416644,1461840416583
556,1461840417177,1461840417343
557,1461840418153,1461840418095
558,1461840418776,1461840418845
559,1461840419486,1461840419594
560,1461840420285,1461840420344
561,1461840420908,1461840421093
562,1461840421621,1461840421843
563,1461840422424,1461840422593
564,1461840423051,1461840423342
565,1461840423766,1461840424092
566,1461840424484,1461840424841
567,1461840425022,1461840425589
568,1461840425740,1461840426343
569,1461840426640,1461840427101
570,1461840427272,1461840427850
571,1461840427900,1461840428600
572,1461840428801,1461840429350
573,1461840429522,1461840430099
574,1461840430151,1461840430848
575,1461840431052,1461840431600
576,1461840431774,1461840432351
577,1461840432317,1461840433106
578,1461840432953,1461840433864
579,1461840433677,1461840434622
580,1461840434672,1461840435372
581,1461840435307,1461840436121
582,1461840435940,1461840436871
583,1461840436850,1461840437621
584,1461840437305,1461840438370
585,1461840438214,1461840439125
586,1461840438850,1461840439875
587,1461840439490,1461840440624
588,1461840440217,1461840441373
589,1461840441132,1461840442127
590,1461840441589,1461840442876
591,1461840442138,1461840443626
592,1461840442962,1461840444375
593,1461840443784,1461840445124
594,1461840444612,1461840445873
595,1461840445437,1461840446623
596,1461840445899,1461840447385
597,1461840446723,1461840448135
598,1461840447458,1461840448885
599,1461840448194,1461840449634
600,1461840448744,1461840450383
601,1461840449485,1461840451132
602,1461840450317,1461840451882
603,1461840450869,1461840452632
604,1461840451886,1461840453381
605,1461840452439,1461840454131
606,1461840453086,1461840454890
607,1461840453736,1461840455644
608,1461840454387,1461840456400
609,1461840454948,1461840457155
610,1461840455880,1461840457905
611,1461840456623,1461840458655
612,1461840457368,1461840459410
613,1461840458114,1461840460160
614,1461840458766,1461840460910
615,1461840459327,1461840461659
616,1461840460448
617,1461840461010
618,1461840461571
619,1461840462225
620,1461840463070
621,1461840463822
622,1461840464292
623,1461840464950
624,1461840465794
625,1461840466548
626,1461840467488
627,1461840468150
628,1461840468433
629,1461840469470
630,1461840470130
631,1461840471074
632,1461840471643
633,1461840472212
634,1461840472874
635,1461840473632
636,1461840474298
637,1461840475057
638,1461840475909
639,1461840476671
640,1461840477432
641,1461840477910
642,1461840478769
643,1461840480100
644,1461840480195
645,1461840480960
646,1461840481629
647,1461840482302
648,1461840483068
649,1461840483643
650,1461840484601
651,1461840485752
652,1461840485944
653,1461840486617
654,1461840487195
655,1461840488160
656,1461840488735
657,1461840489412
658,1461840490278
659,1461840490955
660,1461840491438
661,1461840492215
662,1461840492988
663,1461840493667
664,1461840494441
665,1461840495123
666,1461840495900
667,1461840496387
668,1461840497360
669,1461840498235
670,1461840499111
671,1461840499405
672,1461840500089
673,1461840500871
674,1461840501653
675,1461840502240
676,1461840503120
677,1461840503805
678,1461840504491
679,1461840505276
680,1461840505768
681,1461840506554
682,1461840507340
683,1461840508028
684,1461840508714
685,1461840509599
686,1461840510189
687,1461840510881
688,1461840511277
689,1461840512166
690,1461840512957
691,1461840513647
692,1461840514440
693,1461840515038
694,1461840515831
695,1461840516529
696,1461840516728
697,1461840517921
698,1461840518717
699,1461840519415
700,1461840520111
701,1461840520908
702,1461840521506
703,1461840522105
704,1461840523103
705,1461840523604
706,1461840524109
707,1461840525008
708,1461840525808
709,1461840526610
710,1461840527309
711,1461840527913
712,1461840528717
713,1461840529422
714,1461840530127
715,1461840530830
716,1461840531537
717,1461840532240
718,1461840533049
719,1461840533552
720,1461840534464
721,1461840534867
722,1461840535679
723,1461840536488
724,1461840537397
725,1461840538109
726,1461840538718
727,1461840539329
728,1461840540040
729,1461840540854
730,1461840541566
731,1461840542890
732,1461840542991
733,1461840543709
734,1461840544523
735,1461840545136
736,1461840546056
737,1461840546872
738,1461840547384
739,1461840547897
740,1461840548717
741,1461840549332
742,1461840550050
743,1461840550975
744,1461840551487
745,1461840552103
746,1461840553132
747,1461840553544
748,1461840554368
749,1461840555195
750,1461840556120
751,1461840557046
752,1461840557566
753,1461840557875
754,1461840558808
755,1461840559427
756,1461840560051
757,1461840560670
758,1461840561603
759,1461840562431
760,1461840563157
761,1461840563680
762,1461840564199
763,1461840565344
764,1461840565758
765,1461840566592
766,1461840567425
767,1461840568154
768,1461840568782
769,1461840569305
770,1461840569725
771,1461840570663
772,1461840571501
773,1461840572235
774,1461840573178
775,1461840573494
776,1461840574229
777,1461840574970
778,1461840575390
779,1461840576438
780,1461840577176
781,1461840577703
782,1461840578545
783,1461840579178
784,1461840580130
785,1461840580551
786,1461840581607
787,1461840582239
788,1461840582874
789,1461840583616
790,1461840584359
791,1461840584997
792,1461840585634
793,1461840586590
794,1461840587225
795,1461840587758
796,1461840588607
797,1461840589565
798,1461840589992
799,1461840590314
800,1461840591592
801,1461840592125
802,1461840592871
803,1461840593724
804,1461840594367
805,1461840595008
806,1461840595760
807,1461840596507
808,1461840597149
809,1461840597902
810,1461840598652
811,1461840599299
