0,1461912162245,1461912167864
1,1461912167870,1461912168602
2,1461912168611,1461912169336
3,1461912169342,1461912170084
4,1461912170094,1461912170831
5,1461912170845,1461912171565
6,1461912171579,1461912172311
7,1461912172326,1461912173055
8,1461912173069,1461912173797
9,1461912173830,1461912174517
10,1461912174613,1461912175245
11,1461912175343,1461912175975
12,1461912176082,1461912176711
13,1461912176826,1461912177442
14,1461912177558,1461912178179
15,1461912178288,1461912178899
16,1461912179026,1461912179631
17,1461912179757,1461912180354
18,1461912180470,1461912181075
19,1461912181207,1461912181804
20,1461912181945,1461912182533
21,1461912182661,1461912183255
22,1461912183392,1461912183980
23,1461912184121,1461912184714
24,1461912184865,1461912185438
25,1461912185582,1461912186163
26,1461912186315,1461912186893
27,1461912187063,1461912187616
28,1461912187772,1461912188344
29,1461912188522,1461912189066
30,1461912189234,1461912189787
31,1461912189957,1461912190511
32,1461912190693,1461912191233
33,1461912191356,1461912191961
34,1461912192110,1461912192688
35,1461912192819,1461912193415
36,1461912193542,1461912194143
37,1461912194277,1461912194870
38,1461912195024,1461912195597
39,1461912195753,1461912196325
40,1461912196460,1461912197052
41,1461912197214,1461912197779
42,1461912197944,1461912198506
43,1461912198650,1461912199234
44,1461912199403,1461912199961
45,1461912200131,1461912200688
46,1461912200870,1461912201416
47,1461912201580,1461912202143
48,1461912202300,1461912202870
49,1461912203031,1461912203598
50,1461912203770,1461912204325
51,1461912204520,1461912205053
52,1461912205240,1461912205780
53,1461912205967,1461912206508
54,1461912206703,1461912207236
55,1461912207405,1461912207963
56,1461912208157,1461912208691
57,1461912208876,1461912209419
58,1461912209601,1461912210146
59,1461912210374,1461912210874
60,1461912211116,1461912211602
61,1461912211861,1461912212330
62,1461912212569,1461912213057
63,1461912213239,1461912213784
64,1461912214051,1461912214511
65,1461912214779,1461912215239
66,1461912215468,1461912215966
67,1461912216163,1461912216688
68,1461912216927,1461912217407
69,1461912217694,1461912218126
70,1461912218417,1461912218845
71,1461912219097,1461912219564
72,1461912219829,1461912220286
73,1461912220564,1461912221005
74,1461912221303,1461912221723
75,1461912222000,1461912222442
76,1461912222748,1461912223169
77,1461912223498,1461912223888
78,1461912224206,1461912224607
79,1461912224868,1461912225326
80,1461912225631,1461912226045
81,1461912226349,1461912226766
82,1461912227119,1461912227485
83,1461912227798,1461912228204
84,1461912228526,1461912228922
85,1461912229259,1461912229641
86,1461912229947,1461912230360
87,1461912230686,1461912231079
88,1461912231380,1461912231797
89,1461912232127,1461912232516
90,1461912232826,1461912233234
91,1461912233629,1461912233953
92,1461912234336,1461912234672
93,1461912234995,1461912235390
94,1461912235708,1461912236109
95,1461912236425,1461912236828
96,1461912237195,1461912237546
97,1461912237917,1461912238267
98,1461912238591,1461912238988
99,1461912239372,1461912239708
100,1461912240053,1461912240429
101,1461912240842,1461912241148
102,1461912241528,1461912241867
103,1461912242269,1461912242585
104,1461912242960,1461912243304
105,1461912243653,1461912244023
106,1461912244403,1461912244741
107,1461912245102,1461912245460
108,1461912245858,1461912246178
109,1461912246562,1461912246897
110,1461912247270,1461912247615
111,1461912247981,1461912248334
112,1461912248695,1461912249056
113,1461912249467,1461912249777
114,1461912250186,1461912250499
115,1461912250908,1461912251218
116,1461912251576,1461912251936
117,1461912252360,1461912252655
118,1461912253088,1461912253374
119,1461912253767,1461912254093
120,1461912254501,1461912254811
121,1461912255238,1461912255530
122,1461912255978,1461912256249
123,1461912256664,1461912256969
124,1461912257410,1461912257690
125,1461912258101,1461912258410
126,1461912258794,1461912259128
127,1461912259547,1461912259847
128,1461912260304,1461912260566
129,1461912261004,1461912261285
130,1461912261707,1461912262007
131,1461912262470,1461912262726
132,1461912263177,1461912263445
133,1461912263887,1461912264165
134,1461912264598,1461912264883
135,1461912265312,1461912265602
136,1461912266029,1461912266324
137,1461912266749,1461912267045
138,1461912267469,1461912267767
139,1461912268134,1461912268486
140,1461912268922,1461912269209
141,1461912269651,1461912269931
142,1461912270321,1461912270654
143,1461912271115,1461912271378
144,1461912271851,1461912272100
145,1461912272590,1461912272819
146,1461912273268,1461912273538
147,1461912273947,1461912274257
148,1461912274752,1461912274975
149,1461912275436,1461912275694
150,1461912276184,1461912276413
151,1461912276809,1461912277132
152,1461912277625,1461912277850
153,1461912278317,1461912278569
154,1461912279011,1461912279288
155,1461912279772,1461912280006
156,1461912280469,1461912280725
157,1461912281233,1461912281443
158,1461912281934,1461912282162
159,1461912282574,1461912282880
160,1461912283280,1461912283599
161,1461912284051,1461912284318
162,1461912284761,1461912285036
163,1461912285538,1461912285755
164,1461912286253,1461912286473
165,1461912286968,1461912287192
166,1461912287686,1461912287911
167,1461912288341,1461912288629
168,1461912289063,1461912289348
169,1461912289852,1461912290067
170,1461912290576,1461912290785
171,1461912291304,1461912291503
172,1461912291967,1461912292222
173,1461912292632,1461912292941
174,1461912293366,1461912293659
175,1461912294167,1461912294378
176,1461912294904,1461912295097
177,1461912295509,1461912295815
178,1461912296316,1461912296534
179,1461912297058,1461912297261
180,1461912297735,1461912297999
181,1461912298481,1461912298718
182,1461912299229,1461912299437
183,1461912299979,1461912300155
184,1461912300663,1461912300874
185,1461912301417,1461912301592
186,1461912302036,1461912302311
187,1461912302794,1461912303029
188,1461912303553,1461912303748
189,1461912304244,1461912304466
190,1461912305008,1461912305185
191,1461912305703,1461912305903
192,1461912306400,1461912306622
193,1461912307168,1461912307341
194,1461912307868,1461912308059
195,1461912308570,1461912308778
196,1461912309203,1461912309496
197,1461912310049,1461912310215
198,1461912310756,1461912310934
199,1461912311464,1461912311653
200,1461912312174,1461912312371
201,1461912312886,1461912313090
202,1461912313599,1461912313808
203,1461912314314,1461912314526
204,1461912315031,1461912315245
205,1461912315749,1461912315964
206,1461912316469,1461912316682
207,1461912317191,1461912317401
208,1461912317914,1461912318119
209,1461912318639,1461912318838
210,1461912319295,1461912319559
211,1461912320096,1461912320277
212,1461912320826,1461912320996
213,1461912321558,1461912321714
214,1461912322290,1461912322433
215,1461912322951,1461912323152
216,1461912323686,1461912323870
217,1461912324423,1461912324589
218,1461912325162,1461912325307
219,1461912325829,1461912326026
220,1461912326497,1461912326744
221,1461912327316,1461912327463
222,1461912327986,1461912328181
223,1461912328732,1461912328900
224,1461912329481,1461912329618
225,1461912330155,1461912330337
226,1461912330907,1461912331055
227,1461912331584,1461912331774
228,1461912332339,1461912332492
229,1461912333095,1461912333211
230,1461912333702,1461912333930
231,1461912334461,1461912334649
232,1461912335221,1461912335367
233,1461912335907,1461912336085
234,1461912336670,1461912336804
235,1461912337358,1461912337522
236,1461912338124,1461912338241
237,1461912338814,1461912338959
238,1461912339506,1461912339678
239,1461912340277,1461912340396
240,1461912340972,1461912341115
241,1461912341668,1461912341833
242,1461912342367,1461912342552
243,1461912343144,1461912343270
244,1461912343844,1461912343989
245,1461912344545,1461912344708
246,1461912345326,1461912345426
247,1461912346030,1461912346145
248,1461912346735,1461912346863
249,1461912347443,1461912347581
250,1461912348151,1461912348300
251,1461912348862,1461912349019
252,1461912349651,1461912349739
253,1461912350363,1461912350461
254,1461912351077,1461912351179
255,1461912351792,1461912351898
256,1461912352509,1461912352617
257,1461912353227,1461912353336
258,1461912353946,1461912354055
259,1461912354587,1461912354774
260,1461912355389,1461912355492
261,1461912356111,1461912356210
262,1461912356835,1461912356929
263,1461912357561,1461912357647
264,1461912358208,1461912358366
265,1461912358856,1461912359084
266,1461912359586,1461912359803
267,1461912360399,1461912360521
268,1461912361130,1461912361240
269,1461912361863,1461912361958
270,1461912362597,1461912362676
271,1461912363251,1461912363395
272,1461912363988,1461912364113
273,1461912364726,1461912364832
274,1461912365465,1461912365550
275,1461912366205,1461912366269
276,1461912366865,1461912366987
277,1461912367526,1461912367706
278,1461912368353,1461912368424
279,1461912369015,1461912369142
280,1461912369761,1461912369861
281,1461912370509,1461912370579
282,1461912371093,1461912371298
283,1461912371927,1461912372017
284,1461912372679,1461912372735
285,1461912373349,1461912373454
286,1461912374103,1461912374172
287,1461912374775,1461912374891
288,1461912375532,1461912375609
289,1461912376205,1461912376328
290,1461912376964,1461912377046
291,1461912377639,1461912377764
292,1461912378401,1461912378483
293,1461912379079,1461912379201
294,1461912379844,1461912379920
295,1461912380524,1461912380639
296,1461912381291,1461912381357
297,1461912381974,1461912382075
298,1461912382742,1461912382794
299,1461912383427,1461912383512
300,1461912384113,1461912384230
301,1461912384885,1461912384949
302,1461912385573,1461912385667
303,1461912386347,1461912386386
304,1461912387038,1461912387104
305,1461912387729,1461912387823
306,1461912388508,1461912388541
307,1461912389201,1461912389260
308,1461912389896,1461912389978
309,1461912390591,1461912390697
310,1461912391375,1461912391416
311,1461912392072,1461912392134
312,1461912392771,1461912392853
313,1461912393471,1461912393571
314,1461912394259,1461912394289
315,1461912394873,1461912395008
316,1461912395664,1461912395726
317,1461912396368,1461912396444
318,1461912397073,1461912397163
319,1461912397867,1461912397881
320,1461912398575,1461912398600
321,1461912399283,1461912399318
322,1461912399993,1461912400036
323,1461912400703,1461912400755
324,1461912401415,1461912401473
325,1461912402128,1461912402192
326,1461912402841,1461912402910
327,1461912403556,1461912403629
328,1461912404272,1461912404348
329,1461912404988,1461912405066
330,1461912405706,1461912405785
331,1461912406335,1461912406503
332,1461912407144,1461912407222
333,1461912407864,1461912407940
334,1461912408496,1461912408659
335,1461912409309,1461912409377
336,1461912410034,1461912410096
337,1461912410759,1461912410814
338,1461912411395,1461912411533
339,1461912412213,1461912412251
340,1461912412941,1461912412970
341,1461912413670,1461912413688
342,1461912414400,1461912414407
343,1461912415040,1461912415125
344,1461912415772,1461912415844
345,1461912416504,1461912416562
346,1461912417238,1461912417281
347,1461912417973,1461912417999
348,1461912418709,1461912418717
349,1461912419446,1461912419436
350,1461912420091,1461912420155
351,1461912420830,1461912420873
352,1461912421570,1461912421591
353,1461912422311,1461912422310
354,1461912422960,1461912423028
355,1461912423703,1461912423746
356,1461912424446,1461912424465
357,1461912425192,1461912425183
358,1461912425753,1461912425902
359,1461912426596,1461912426620
360,1461912427344,1461912427339
361,1461912427999,1461912428057
362,1461912428748,1461912428776
363,1461912429499,1461912429494
364,1461912430157,1461912430213
365,1461912430909,1461912430931
366,1461912431663,1461912431650
367,1461912432230,1461912432368
368,1461912433080,1461912433086
369,1461912433838,1461912433804
370,1461912434501,1461912434524
371,1461912435166,1461912435244
372,1461912435926,1461912435964
373,1461912436592,1461912436685
374,1461912437354,1461912437406
375,1461912438116,1461912438125
376,1461912438880,1461912438844
377,1461912439454,1461912439564
378,1461912440315,1461912440284
379,1461912440987,1461912441002
380,1461912441755,1461912441721
381,1461912442428,1461912442439
382,1461912443196,1461912443158
383,1461912443871,1461912443876
384,1461912444740,1461912444594
385,1461912445320,1461912445313
386,1461912445997,1461912446031
387,1461912446771,1461912446754
388,1461912447450,1461912447473
389,1461912448226,1461912448193
390,1461912448809,1461912448911
391,1461912449684,1461912449630
392,1461912450268,1461912450351
393,1461912451049,1461912451070
394,1461912451829,1461912451789
395,1461912452514,1461912452508
396,1461912453198,1461912453226
397,1461912453982,1461912453945
398,1461912454669,1461912454664
399,1461912455454,1461912455383
400,1461912456045,1461912456101
401,1461912456832,1461912456820
402,1461912457522,1461912457540
403,1461912458312,1461912458259
404,1461912459003,1461912458978
405,1461912459596,1461912459697
406,1461912460487,1461912460416
407,1461912461183,1461912461136
408,1461912461877,1461912461858
409,1461912462573,1461912462580
410,1461912463369,1461912463302
411,1461912463968,1461912464021
412,1461912464765,1461912464740
413,1461912465365,1461912465463
414,1461912466066,1461912466185
415,1461912466967,1461912466904
416,1461912467669,1461912467627
417,1461912468371,1461912468347
418,1461912469075,1461912469066
419,1461912469779,1461912469784
420,1461912470484,1461912470503
421,1461912471291,1461912471223
422,1461912471997,1461912471942
423,1461912472603,1461912472661
424,1461912473413,1461912473382
425,1461912474122,1461912474102
426,1461912474832,1461912474821
427,1461912475442,1461912475540
428,1461912476255,1461912476260
429,1461912477069,1461912476981
430,1461912477782,1461912477700
431,1461912478394,1461912478419
432,1461912479210,1461912479139
433,1461912479926,1461912479857
434,1461912480641,1461912480579
435,1461912481358,1461912481303
436,1461912481973,1461912482027
437,1461912482795,1461912482746
438,1461912483514,1461912483465
439,1461912484234,1461912484187
440,1461912484955,1461912484905
441,1461912485676,1461912485625
442,1461912486399,1461912486344
443,1461912487123,1461912487063
444,1461912487847,1461912487784
445,1461912488572,1461912488503
446,1461912489194,1461912489222
447,1461912489921,1461912489942
448,1461912490752,1461912490661
449,1461912491479,1461912491380
450,1461912492104,1461912492099
451,1461912492834,1461912492819
452,1461912493564,1461912493538
453,1461912494296,1461912494257
454,1461912495027,1461912494976
455,1461912495760,1461912495694
456,1461912496389,1461912496413
457,1461912497229,1461912497132
458,1461912497964,1461912497851
459,1461912498594,1461912498570
460,1461912499226,1461912499289
461,1461912499963,1461912500007
462,1461912500807,1461912500727
463,1461912501546,1461912501445
464,1461912502285,1461912502163
465,1461912502920,1461912502882
466,1461912503555,1461912503600
467,1461912504403,1461912504319
468,1461912505146,1461912505038
469,1461912505783,1461912505770
470,1461912506528,1461912506492
471,1461912507274,1461912507212
472,1461912508019,1461912507944
473,1461912508765,1461912508683
474,1461912509513,1461912509421
475,1461912510261,1461912510140
476,1461912510903,1461912510862
477,1461912511545,1461912511581
478,1461912512404,1461912512301
479,1461912513154,1461912513020
480,1461912513798,1461912513739
481,1461912514551,1461912514458
482,1461912515305,1461912515177
483,1461912515844,1461912515898
484,1461912516706,1461912516617
485,1461912517462,1461912517336
486,1461912518110,1461912518055
487,1461912518868,1461912518774
488,1461912519626,1461912519493
489,1461912520169,1461912520211
490,1461912521036,1461912520930
491,1461912521797,1461912521652
492,1461912522450,1461912522372
493,1461912523212,1461912523092
494,1461912523866,1461912523811
495,1461912524520,1461912524529
496,1461912525393,1461912525247
497,1461912525940,1461912525968
498,1461912526815,1461912526716
499,1461912527581,1461912527455
500,1461912528238,1461912528200
501,1461912529005,1461912528938
502,1461912529774,1461912529685
503,1461912530543,1461912530423
504,1461912531094,1461912531147
505,1461912531974,1461912531866
506,1461912532746,1461912532586
507,1461912533407,1461912533306
508,1461912534180,1461912534025
509,1461912534844,1461912534743
510,1461912535508,1461912535462
511,1461912536283,1461912536180
512,1461912536948,1461912536899
513,1461912537725,1461912537619
514,1461912538503,1461912538340
515,1461912539059,1461912539060
516,1461912539949,1461912539779
517,1461912540617,1461912540499
518,1461912541286,1461912541218
519,1461912542067,1461912541937
520,1461912542737,1461912542657
521,1461912543519,1461912543381
522,1461912544190,1461912544100
523,1461912544974,1461912544818
524,1461912545647,1461912545537
525,1461912546433,1461912546255
526,1461912547107,1461912546974
527,1461912547782,1461912547697
528,1461912548569,1461912548416
529,1461912549245,1461912549137
530,1461912550034,1461912549855
531,1461912550711,1461912550574
532,1461912551389,1461912551294
533,1461912552180,1461912552012
534,1461912552860,1461912552731
535,1461912553539,1461912553449
536,1461912554333,1461912554168
537,1461912554900,1461912554886
538,1461912555695,1461912555605
539,1461912556490,1461912556323
540,1461912557172,1461912557042
541,1461912557855,1461912557760
542,1461912558653,1461912558479
543,1461912559336,1461912559197
544,1461912560021,1461912559916
545,1461912560820,1461912560634
546,1461912561507,1461912561352
547,1461912562194,1461912562071
548,1461912562882,1461912562789
549,1461912563569,1461912563508
550,1461912564372,1461912564226
551,1461912565061,1461912564944
552,1461912565866,1461912565663
553,1461912566557,1461912566381
554,1461912567248,1461912567100
555,1461912567940,1461912567818
556,1461912568517,1461912568537
557,1461912569441,1461912569255
558,1461912570134,1461912569973
559,1461912570713,1461912570692
560,1461912571407,1461912571410
561,1461912572334,1461912572128
562,1461912573030,1461912572847
563,1461912573727,1461912573565
564,1461912574308,1461912574283
565,1461912575122,1461912575002
566,1461912575820,1461912575720
567,1461912576636,1461912576438
568,1461912577335,1461912577157
569,1461912578035,1461912577875
570,1461912578735,1461912578594
571,1461912579319,1461912579312
572,1461912580138,1461912580031
573,1461912580957,1461912580749
574,1461912581659,1461912581467
575,1461912582364,1461912582186
576,1461912583068,1461912582904
577,1461912583773,1461912583623
578,1461912584477,1461912584341
579,1461912585183,1461912585060
580,1461912585889,1461912585778
581,1461912586714,1461912586496
582,1461912587422,1461912587215
583,1461912588130,1461912587933
584,1461912588838,1461912588651
585,1461912589429,1461912589370
586,1461912590257,1461912590088
587,1461912590967,1461912590807
588,1461912591677,1461912591525
589,1461912592389,1461912592244
590,1461912593100,1461912592962
591,1461912593813,1461912593681
592,1461912594408,1461912594399
593,1461912595242,1461912595118
594,1461912595957,1461912595836
595,1461912596673,1461912596555
596,1461912597390,1461912597273
597,1461912598225,1461912597991
598,1461912598942,1461912598710
599,1461912599660,1461912599428
600,1461912600378,1461912600147
601,1461912601096,1461912600865
602,1461912601816,1461912601584
603,1461912602535,1461912602302
604,1461912603256,1461912603021
605,1461912603976,1461912603739
606,1461912604698,1461912604457
607,1461912605300,1461912605176
608,1461912606022,1461912605894
609,1461912606745,1461912606613
610,1461912607469,1461912607331
611,1461912608194,1461912608050
612,1461912608919,1461912608768
613,1461912609644,1461912609486
614,1461912610370,1461912610205
615,1461912611096,1461912610924
616,1461912611824,1461912611642
617,1461912612431,1461912612361
618,1461912613281,1461912613079
619,1461912614010,1461912613798
620,1461912614738,1461912614516
621,1461912615468,1461912615235
622,1461912616200,1461912615953
623,1461912616809,1461912616672
624,1461912617541,1461912617390
625,1461912618273,1461912618109
626,1461912618884,1461912618827
627,1461912619739,1461912619546
628,1461912620473,1461912620264
629,1461912621209,1461912620983
630,1461912621944,1461912621701
631,1461912622681,1461912622420
632,1461912623294,1461912623138
633,1461912624030,1461912623856
634,1461912624768,1461912624575
635,1461912625507,1461912625293
636,1461912626245,1461912626012
637,1461912626862,1461912626731
638,1461912627602,1461912627449
639,1461912628343,1461912628167
640,1461912629084,1461912628886
641,1461912629825,1461912629604
642,1461912630567,1461912630323
643,1461912631310,1461912631041
644,1461912631929,1461912631760
645,1461912632672,1461912632478
646,1461912633416,1461912633196
647,1461912634160,1461912633915
648,1461912634906,1461912634633
649,1461912635527,1461912635352
650,1461912636274,1461912636070
651,1461912636897,1461912636788
652,1461912637645,1461912637507
653,1461912638269,1461912638225
654,1461912639142,1461912638944
655,1461912639766,1461912639662
656,1461912640641,1461912640380
657,1461912641266,1461912641099
658,1461912641892,1461912641817
659,1461912642768,1461912642536
660,1461912643520,1461912643254
661,1461912644022,1461912643972
662,1461912644901,1461912644691
663,1461912645529,1461912645409
664,1461912646409,1461912646127
665,1461912647037,1461912646846
666,1461912647793,1461912647564
667,1461912648549,1461912648283
668,1461912649179,1461912649001
669,1461912649810,1461912649720
670,1461912650694,1461912650438
671,1461912651328,1461912651156
672,1461912652086,1461912651875
673,1461912652845,1461912652593
674,1461912653605,1461912653312
675,1461912654238,1461912654030
676,1461912654872,1461912654749
677,1461912655634,1461912655467
678,1461912656396,1461912656185
679,1461912657158,1461912656904
680,1461912657795,1461912657623
681,1461912658431,1461912658341
682,1461912659197,1461912659059
683,1461912659835,1461912659778
684,1461912660728,1461912660496
685,1461912661494,1461912661215
686,1461912662004,1461912661933
687,1461912662772,1461912662652
688,1461912663666,1461912663370
689,1461912664306,1461912664088
690,1461912665075,1461912664807
691,1461912665588,1461912665525
692,1461912666486,1461912666244
693,1461912667256,1461912666962
694,1461912667898,1461912667680
695,1461912668669,1461912668399
696,1461912669312,1461912669117
697,1461912670085,1461912669835
698,1461912670858,1461912670554
699,1461912671502,1461912671273
700,1461912672276,1461912671991
701,1461912672921,1461912672709
702,1461912673695,1461912673428
703,1461912674342,1461912674146
704,1461912675118,1461912674864
705,1461912675894,1461912675583
706,1461912676542,1461912676301
707,1461912677319,1461912677020
708,1461912677968,1461912677738
709,1461912678746,1461912678457
710,1461912679396,1461912679176
711,1461912680176,1461912679894
712,1461912680697,1461912680613
713,1461912681608,1461912681331
714,1461912682129,1461912682050
715,1461912682911,1461912682768
716,1461912683693,1461912683487
717,1461912684476,1461912684205
718,1461912685128,1461912684924
719,1461912685912,1461912685642
720,1461912686566,1461912686361
721,1461912687350,1461912687079
722,1461912688005,1461912687797
723,1461912688792,1461912688516
724,1461912689448,1461912689234
725,1461912690235,1461912689953
726,1461912690891,1461912690671
727,1461912691680,1461912691390
728,1461912692469,1461912692108
729,1461912693126,1461912692827
730,1461912693786,1461912693545
731,1461912694445,1461912694264
732,1461912695104,1461912694982
733,1461912696027,1461912695701
734,1461912696687,1461912696419
735,1461912697216,1461912697138
736,1461912698142,1461912697856
737,1461912698804,1461912698575
738,1461912699599,1461912699293
739,1461912700261,1461912700011
740,1461912701056,1461912700730
741,1461912701718,1461912701448
742,1461912702382,1461912702167
743,1461912703179,1461912702885
744,1461912703844,1461912703603
745,1461912704641,1461912704322
746,1461912705306,1461912705040
747,1461912705973,1461912705758
748,1461912706772,1461912706477
749,1461912707439,1461912707195
750,1461912708239,1461912707914
751,1461912708907,1461912708632
752,1461912709574,1461912709350
753,1461912710376,1461912710069
754,1461912711045,1461912710787
755,1461912711715,1461912711506
756,1461912712385,1461912712224
757,1461912713055,1461912712942
758,1461912713859,1461912713661
759,1461912714664,1461912714379
760,1461912715202,1461912715098
761,1461912716143,1461912715816
762,1461912716815,1461912716534
763,1461912717488,1461912717253
764,1461912718296,1461912717971
765,1461912718969,1461912718690
766,1461912719644,1461912719408
767,1461912720453,1461912720126
768,1461912721128,1461912720845
769,1461912721803,1461912721563
770,1461912722615,1461912722281
771,1461912723291,1461912723000
772,1461912723967,1461912723718
773,1461912724780,1461912724436
774,1461912725458,1461912725155
775,1461912726136,1461912725873
776,1461912726949,1461912726592
777,1461912727629,1461912727310
778,1461912728308,1461912728028
779,1461912728988,1461912728747
780,1461912729804,1461912729465
