0,1461843112953,1461843193977
1,1461843193984,1461843194753
2,1461843194760,1461843195527
3,1461843195545,1461843196298
4,1461843196350,1461843197067
5,1461843197108,1461843197818
6,1461843197884,1461843198567
7,1461843198638,1461843199313
8,1461843199393,1461843200060
9,1461843200137,1461843200815
10,1461843200902,1461843201565
11,1461843201648,1461843202319
12,1461843202412,1461843203073
13,1461843203172,1461843203818
14,1461843203920,1461843204566
15,1461843204656,1461843205323
16,1461843205442,1461843206070
17,1461843206176,1461843206827
18,1461843206950,1461843207586
19,1461843207684,1461843208334
20,1461843208467,1461843209080
21,1461843209197,1461843209831
22,1461843209972,1461843210577
23,1461843210710,1461843211327
24,1461843211473,1461843212077
25,1461843212223,1461843212824
26,1461843212957,1461843213569
27,1461843213705,1461843214314
28,1461843214472,1461843215059
29,1461843215224,1461843215804
30,1461843215955,1461843216549
31,1461843216700,1461843217295
32,1461843217457,1461843218040
33,1461843218196,1461843218789
34,1461843218952,1461843219540
35,1461843219687,1461843220290
36,1461843220463,1461843221041
37,1461843221219,1461843221786
38,1461843221948,1461843222531
39,1461843222689,1461843223277
40,1461843223436,1461843224029
41,1461843224199,1461843224774
42,1461843224964,1461843225519
43,1461843225703,1461843226264
44,1461843226452,1461843227009
45,1461843227208,1461843227754
46,1461843227941,1461843228499
47,1461843228678,1461843229244
48,1461843229425,1461843229988
49,1461843230179,1461843230733
50,1461843230975,1461843231478
51,1461843231704,1461843232223
52,1461843232440,1461843232968
53,1461843233181,1461843233713
54,1461843233930,1461843234458
55,1461843234689,1461843235203
56,1461843235450,1461843235949
57,1461843236145,1461843236694
58,1461843236956,1461843237439
59,1461843237656,1461843238184
60,1461843238440,1461843238933
61,1461843239157,1461843239679
62,1461843239955,1461843240424
63,1461843240684,1461843241169
64,1461843241492,1461843241915
65,1461843242106,1461843242659
66,1461843242930,1461843243406
67,1461843243638,1461843244151
68,1461843244429,1461843244896
69,1461843245183,1461843245641
70,1461843245903,1461843246386
71,1461843246664,1461843247130
72,1461843247389,1461843247875
73,1461843248121,1461843248620
74,1461843248941,1461843249367
75,1461843249597,1461843250115
76,1461843250385,1461843250860
77,1461843251133,1461843251607
78,1461843251886,1461843252352
79,1461843252688,1461843253097
80,1461843253404,1461843253842
81,1461843254123,1461843254586
82,1461843254938,1461843255331
83,1461843255577,1461843256078
84,1461843256446,1461843256825
85,1461843257092,1461843257574
86,1461843257978,1461843258319
87,1461843258629,1461843259064
88,1461843259377,1461843259809
89,1461843260083,1461843260553
90,1461843260889,1461843261298
91,1461843261557,1461843262043
92,1461843262369,1461843262787
93,1461843263235,1461843263532
94,1461843263862,1461843264277
95,1461843264589,1461843265022
96,1461843265272,1461843265766
97,1461843266104,1461843266511
98,1461843266845,1461843267256
99,1461843267641,1461843268001
100,1461843268337,1461843268746
101,1461843269136,1461843269490
102,1461843269838,1461843270235
103,1461843270594,1461843270980
104,1461843271303,1461843271725
105,1461843272015,1461843272470
106,1461843272733,1461843273215
107,1461843273608,1461843273959
108,1461843274279,1461843274705
109,1461843275007,1461843275451
110,1461843275736,1461843276196
111,1461843276571,1461843276941
112,1461843277307,1461843277685
113,1461843278047,1461843278430
114,1461843278736,1461843279183
115,1461843279497,1461843279936
116,1461843280265,1461843280690
117,1461843280980,1461843281441
118,1461843281746,1461843282185
119,1461843282509,1461843282930
120,1461843283218,1461843283675
121,1461843283986,1461843284419
122,1461843284701,1461843285164
123,1461843285471,1461843285908
124,1461843286302,1461843286653
125,1461843287025,1461843287397
126,1461843287803,1461843288142
127,1461843288477,1461843288887
128,1461843289209,1461843289631
129,1461843290000,1461843290376
130,1461843290794,1461843291121
131,1461843291478,1461843291865
132,1461843292162,1461843292610
133,1461843292905,1461843293354
134,1461843293708,1461843294099
135,1461843294457,1461843294844
136,1461843295267,1461843295588
137,1461843296081,1461843296333
138,1461843296665,1461843297078
139,1461843297483,1461843297823
140,1461843298246,1461843298567
141,1461843298895,1461843299312
142,1461843299725,1461843300056
143,1461843300378,1461843300801
144,1461843301270,1461843301546
145,1461843301867,1461843302291
146,1461843302707,1461843303036
147,1461843303430,1461843303781
148,1461843304154,1461843304526
149,1461843304880,1461843305275
150,1461843305608,1461843306020
151,1461843306581,1461843306765
152,1461843307075,1461843307509
153,1461843307870,1461843308254
154,1461843308666,1461843308999
155,1461843309591,1461843309743
156,1461843310147,1461843310488
157,1461843310830,1461843311232
158,1461843311576,1461843311977
159,1461843312323,1461843312722
160,1461843313075,1461843313467
161,1461843314145,1461843314211
162,1461843314649,1461843314956
163,1461843315342,1461843315701
164,1461843316042,1461843316446
165,1461843316866,1461843317190
166,1461843317570,1461843317935
167,1461843318272,1461843318680
168,1461843319232,1461843319424
169,1461843319811,1461843320169
170,1461843320584,1461843320913
171,1461843321361,1461843321658
172,1461843322010,1461843322403
173,1461843322921,1461843323147
174,1461843323571,1461843323892
175,1461843324354,1461843324637
176,1461843325009,1461843325381
177,1461843325797,1461843326126
178,1461843326520,1461843326871
179,1461843327245,1461843327615
180,1461843327974,1461843328360
181,1461843328837,1461843329105
182,1461843329636,1461843329849
183,1461843330237,1461843330594
184,1461843330974,1461843331339
185,1461843331717,1461843332083
186,1461843332523,1461843332828
187,1461843333267,1461843333574
188,1461843333941,1461843334320
189,1461843334754,1461843335065
190,1461843335435,1461843335812
191,1461843336186,1461843336557
192,1461843337006,1461843337301
193,1461843337832,1461843338046
194,1461843338452,1461843338791
195,1461843339141,1461843339535
196,1461843339901,1461843340280
197,1461843340730,1461843341025
198,1461843341424,1461843341769
199,1461843342186,1461843342514
200,1461843342953,1461843343258
201,1461843343721,1461843344003
202,1461843344424,1461843344748
203,1461843345199,1461843345492
204,1461843345973,1461843346237
205,1461843346607,1461843346981
206,1461843347455,1461843347726
207,1461843348164,1461843348471
208,1461843348877,1461843349215
209,1461843349588,1461843349960
210,1461843350442,1461843350704
211,1461843351158,1461843351449
212,1461843351947,1461843352194
213,1461843352594,1461843352938
214,1461843353318,1461843353683
215,1461843354183,1461843354428
216,1461843354833,1461843355172
217,1461843355630,1461843355917
218,1461843356357,1461843356662
219,1461843357158,1461843357406
220,1461843357962,1461843358151
221,1461843358618,1461843358896
222,1461843359352,1461843359640
223,1461843360087,1461843360385
224,1461843360824,1461843361130
225,1461843361634,1461843361874
226,1461843362375,1461843362619
227,1461843363118,1461843363364
228,1461843363864,1461843364108
229,1461843364683,1461843364853
230,1461843365429,1461843365597
231,1461843366102,1461843366346
232,1461843366854,1461843367091
233,1461843367530,1461843367835
234,1461843368356,1461843368580
235,1461843369109,1461843369325
236,1461843369786,1461843370069
237,1461843370541,1461843370814
238,1461843371224,1461843371559
239,1461843372060,1461843372303
240,1461843372747,1461843373048
241,1461843373436,1461843373792
242,1461843374429,1461843374537
243,1461843375042,1461843375282
244,1461843375890,1461843376026
245,1461843376506,1461843376771
246,1461843377277,1461843377515
247,1461843378048,1461843378260
248,1461843378668,1461843379004
249,1461843379521,1461843379749
250,1461843380218,1461843380494
251,1461843380922,1461843381238
252,1461843381782,1461843381983
253,1461843382407,1461843382727
254,1461843383345,1461843383472
255,1461843383974,1461843384217
256,1461843384760,1461843384961
257,1461843385393,1461843385706
258,1461843386261,1461843386450
259,1461843387052,1461843387195
260,1461843387763,1461843387939
261,1461843388399,1461843388684
262,1461843389116,1461843389428
263,1461843389915,1461843390173
264,1461843390716,1461843390917
265,1461843391515,1461843391662
266,1461843392081,1461843392406
267,1461843392962,1461843393151
268,1461843393685,1461843393896
269,1461843394329,1461843394640
270,1461843395135,1461843395385
271,1461843395943,1461843396129
272,1461843396671,1461843396874
273,1461843397480,1461843397619
274,1461843398049,1461843398363
275,1461843399033,1461843399108
276,1461843399524,1461843399857
277,1461843400344,1461843400601
278,1461843401166,1461843401346
279,1461843401823,1461843402093
280,1461843402564,1461843402838
281,1461843403466,1461843403582
282,1461843404126,1461843404327
283,1461843404870,1461843405071
284,1461843405615,1461843405816
285,1461843406444,1461843406561
286,1461843407191,1461843407305
287,1461843407774,1461843408050
288,1461843408612,1461843408794
289,1461843409279,1461843409539
290,1461843410117,1461843410284
291,1461843410871,1461843411029
292,1461843411459,1461843411773
293,1461843412296,1461843412518
294,1461843413053,1461843413262
295,1461843413812,1461843414007
296,1461843414660,1461843414751
297,1461843415251,1461843415496
298,1461843415931,1461843416241
299,1461843416782,1461843416985
300,1461843417633,1461843417730
301,1461843418317,1461843418474
302,1461843419000,1461843419219
303,1461843419603,1461843419964
304,1461843420632,1461843420708
305,1461843421147,1461843421453
306,1461843422006,1461843422197
307,1461843423036,1461843422942
308,1461843423381,1461843423686
309,1461843424159,1461843424431
310,1461843424938,1461843425175
311,1461843425631,1461843425920
312,1461843426499,1461843426665
313,1461843427195,1461843427410
314,1461843427976,1461843428154
315,1461843428678,1461843428900
316,1461843429378,1461843429645
317,1461843430166,1461843430389
318,1461843430956,1461843431134
319,1461843431833,1461843431879
320,1461843432445,1461843432623
321,1461843433149,1461843433367
322,1461843434031,1461843434112
323,1461843434739,1461843434856
324,1461843435447,1461843435601
325,1461843436157,1461843436346
326,1461843436868,1461843437090
327,1461843437754,1461843437835
328,1461843438289,1461843438579
329,1461843439271,1461843439324
330,1461843439808,1461843440069
331,1461843440612,1461843440814
332,1461843441419,1461843441559
333,1461843442135,1461843442303
334,1461843442765,1461843443048
335,1461843443846,1461843443793
336,1461843444296,1461843444537
337,1461843445019,1461843445282
338,1461843445740,1461843446026
339,1461843446646,1461843446771
340,1461843447370,1461843447515
341,1461843448188,1461843448260
342,1461843449007,1461843449005
343,1461843449464,1461843449749
344,1461843450376,1461843450494
345,1461843451015,1461843451239
346,1461843451747,1461843451984
347,1461843452480,1461843452728
348,1461843453489,1461843453473
349,1461843454040,1461843454218
350,1461843454772,1461843454962
351,1461843455511,1461843455707
352,1461843456339,1461843456451
353,1461843456983,1461843457196
354,1461843457722,1461843457940
355,1461843458462,1461843458685
356,1461843459295,1461843459430
357,1461843459854,1461843460176
358,1461843460879,1461843460921
359,1461843461531,1461843461670
360,1461843462275,1461843462418
361,1461843462931,1461843463165
362,1461843463869,1461843463911
363,1461843464434,1461843464678
364,1461843465190,1461843465427
365,1461843466033,1461843466177
366,1461843466693,1461843466933
367,1461843467540,1461843467699
368,1461843468293,1461843468463
369,1461843469049,1461843469211
370,1461843469716,1461843469960
371,1461843470475,1461843470707
372,1461843471236,1461843471457
373,1461843472091,1461843472203
374,1461843472852,1461843472949
375,1461843473617,1461843473698
376,1461843474285,1461843474449
377,1461843475049,1461843475194
378,1461843475814,1461843475941
379,1461843476485,1461843476688
380,1461843477160,1461843477448
381,1461843478122,1461843478194
382,1461843478795,1461843478954
383,1461843479566,1461843479719
384,1461843480337,1461843480475
385,1461843481111,1461843481237
386,1461843481885,1461843481985
387,1461843482565,1461843482745
388,1461843483346,1461843483498
389,1461843484123,1461843484244
390,1461843484805,1461843484993
391,1461843485485,1461843485738
392,1461843486361,1461843486489
393,1461843486950,1461843487234
394,1461843487929,1461843487979
395,1461843488616,1461843488723
396,1461843489302,1461843489469
397,1461843489895,1461843490223
398,1461843490693,1461843490977
399,1461843491295,1461843491730
400,1461843492196,1461843492485
401,1461843492898,1461843493237
402,1461843493889,1461843493981
403,1461843494484,1461843494726
404,1461843495374,1461843495471
405,1461843496071,1461843496216
406,1461843496670,1461843496960
407,1461843497468,1461843497705
408,1461843498269,1461843498450
409,1461843499067,1461843499194
410,1461843499868,1461843499940
411,1461843500671,1461843500684
412,1461843501371,1461843501429
413,1461843502074,1461843502173
414,1461843502781,1461843502918
415,1461843503585,1461843503663
416,1461843504294,1461843504407
417,1461843505096,1461843505152
418,1461843505802,1461843505896
419,1461843506509,1461843506641
420,1461843507522,1461843507385
421,1461843508131,1461843508130
422,1461843508640,1461843508875
423,1461843509454,1461843509619
424,1461843510163,1461843510364
425,1461843510876,1461843511108
426,1461843511690,1461843511853
427,1461843512506,1461843512597
428,1461843513124,1461843513342
429,1461843514046,1461843514086
430,1461843514561,1461843514831
431,1461843515383,1461843515575
432,1461843516204,1461843516320
433,1461843517029,1461843517064
434,1461843517746,1461843517809
435,1461843518364,1461843518554
436,1461843519191,1461843519298
437,1461843520020,1461843520043
438,1461843520642,1461843520787
439,1461843521370,1461843521532
440,1461843522203,1461843522276
441,1461843522823,1461843523021
442,1461843523654,1461843523765
443,1461843524382,1461843524510
444,1461843525216,1461843525254
445,1461843525845,1461843525999
446,1461843526576,1461843526743
447,1461843527309,1461843527488
448,1461843528043,1461843528232
449,1461843528983,1461843528979
450,1461843529612,1461843529724
451,1461843530560,1461843530469
452,1461843531088,1461843531213
453,1461843531927,1461843531958
454,1461843532565,1461843532702
455,1461843533199,1461843533446
456,1461843534044,1461843534191
457,1461843534995,1461843534935
458,1461843535420,1461843535680
459,1461843536480,1461843536425
460,1461843537117,1461843537169
461,1461843537861,1461843537914
462,1461843538501,1461843538658
463,1461843539249,1461843539403
464,1461843539992,1461843540147
465,1461843540741,1461843540892
466,1461843541595,1461843541636
467,1461843542237,1461843542381
468,1461843542987,1461843543126
469,1461843543741,1461843543870
470,1461843544490,1461843544615
471,1461843545354,1461843545359
472,1461843545894,1461843546104
473,1461843546754,1461843546848
474,1461843547401,1461843547593
475,1461843548266,1461843548337
476,1461843548916,1461843549082
477,1461843549783,1461843549826
478,1461843550543,1461843550571
479,1461843551518,1461843551315
480,1461843551951,1461843552060
481,1461843552712,1461843552804
482,1461843553366,1461843553549
483,1461843554238,1461843554293
484,1461843555002,1461843555038
485,1461843555661,1461843555783
486,1461843556532,1461843556527
487,1461843557079,1461843557271
488,1461843557845,1461843558016
489,1461843558610,1461843558761
490,1461843559377,1461843559505
491,1461843560147,1461843560250
492,1461843560807,1461843560994
493,1461843561578,1461843561739
494,1461843562349,1461843562483
495,1461843563122,1461843563228
496,1461843563784,1461843563972
497,1461843564665,1461843564717
498,1461843565330,1461843565461
499,1461843566106,1461843566206
500,1461843566773,1461843566950