0,1461911197745,1461911199181
1,1461911199185,1461911199900
2,1461911199906,1461911200618
3,1461911200625,1461911201335
4,1461911201368,1461911202052
5,1461911202126,1461911202770
6,1461911202851,1461911203486
7,1461911203574,1461911204203
8,1461911204296,1461911204919
9,1461911205015,1461911205643
10,1461911205738,1461911206374
11,1461911206472,1461911207089
12,1461911207196,1461911207805
13,1461911207920,1461911208521
14,1461911208648,1461911209247
15,1461911209379,1461911209965
16,1461911210099,1461911210691
17,1461911210826,1461911211413
18,1461911211560,1461911212130
19,1461911212273,1461911212845
20,1461911213003,1461911213560
21,1461911213730,1461911214277
22,1461911214437,1461911215000
23,1461911215160,1461911215728
24,1461911215883,1461911216444
25,1461911216618,1461911217167
26,1461911217346,1461911217883
27,1461911218063,1461911218598
28,1461911218770,1461911219317
29,1461911219493,1461911220044
30,1461911220231,1461911220764
31,1461911220978,1461911221479
32,1461911221660,1461911222194
33,1461911222379,1461911222910
34,1461911223109,1461911223630
35,1461911223826,1461911224346
36,1461911224552,1461911225061
37,1461911225260,1461911225777
38,1461911225978,1461911226493
39,1461911226706,1461911227208
40,1461911227414,1461911227925
41,1461911228133,1461911228640
42,1461911228859,1461911229356
43,1461911229565,1461911230071
44,1461911230309,1461911230788
45,1461911230961,1461911231508
46,1461911231669,1461911232228
47,1461911232418,1461911232949
48,1461911233113,1461911233669
49,1461911233852,1461911234389
50,1461911234565,1461911235109
51,1461911235289,1461911235830
52,1461911236024,1461911236549
53,1461911236731,1461911237270
54,1461911237447,1461911237990
55,1461911238170,1461911238710
56,1461911238903,1461911239430
57,1461911239644,1461911240150
58,1461911240356,1461911240870
59,1461911241076,1461911241590
60,1461911241804,1461911242311
61,1461911242538,1461911243031
62,1461911243242,1461911243751
63,1461911243952,1461911244471
64,1461911244710,1461911245192
65,1461911245434,1461911245912
66,1461911246125,1461911246632
67,1461911246862,1461911247351
68,1461911247564,1461911248071
69,1461911248315,1461911248792
70,1461911249029,1461911249512
71,1461911249793,1461911250232
72,1461911250476,1461911250953
73,1461911251209,1461911251674
74,1461911251902,1461911252394
75,1461911252645,1461911253115
76,1461911253351,1461911253835
77,1461911254062,1461911254555
78,1461911254822,1461911255275
79,1461911255544,1461911255995
80,1461911256302,1461911256709
81,1461911257007,1461911257424
82,1461911257713,1461911258139
83,1461911258424,1461911258853
84,1461911259139,1461911259568
85,1461911259857,1461911260283
86,1461911260580,1461911260998
87,1461911261351,1461911261712
88,1461911262034,1461911262427
89,1461911262765,1461911263142
90,1461911263499,1461911263857
91,1461911264191,1461911264572
92,1461911264978,1461911265287
93,1461911265630,1461911266003
94,1461911266377,1461911266718
95,1461911267079,1461911267434
96,1461911267785,1461911268148
97,1461911268493,1461911268863
98,1461911269205,1461911269578
99,1461911269967,1461911270292
100,1461911270683,1461911271007
101,1461911271358,1461911271722
102,1461911272130,1461911272436
103,1461911272857,1461911273151
104,1461911273539,1461911273866
105,1461911274270,1461911274580
106,1461911275005,1461911275295
107,1461911275694,1461911276010
108,1461911276435,1461911276724
109,1461911277128,1461911277439
110,1461911277873,1461911278154
111,1461911278573,1461911278868
112,1461911279275,1461911279583
113,1461911280029,1461911280298
114,1461911280734,1461911281013
115,1461911281443,1461911281728
116,1461911282155,1461911282442
117,1461911282869,1461911283157
118,1461911283586,1461911283872
119,1461911284305,1461911284586
120,1461911285026,1461911285301
121,1461911285750,1461911286016
122,1461911286476,1461911286730
123,1461911287152,1461911287445
124,1461911287884,1461911288160
125,1461911288618,1461911288874
126,1461911289302,1461911289589
127,1461911290040,1461911290304
128,1461911290728,1461911291019
129,1461911291524,1461911291734
130,1461911292165,1461911292449
131,1461911292913,1461911293163
132,1461911293612,1461911293878
133,1461911294310,1461911294593
134,1461911295065,1461911295308
135,1461911295768,1461911296023
136,1461911296474,1461911296737
137,1461911297182,1461911297452
138,1461911297892,1461911298167
139,1461911298713,1461911298882
140,1461911299372,1461911299596
141,1461911300089,1461911300311
142,1461911300807,1461911301026
143,1461911301472,1461911301740
144,1461911302193,1461911302455
145,1461911302919,1461911303170
146,1461911303644,1461911303885
147,1461911304374,1461911304599
148,1461911305107,1461911305314
149,1461911305839,1461911306029
150,1461911306516,1461911306744
151,1461911307254,1461911307459
152,1461911307936,1461911308174
153,1461911308678,1461911308888
154,1461911309365,1461911309603
155,1461911310168,1461911310318
156,1461911310800,1461911311033
157,1461911311606,1461911311747
158,1461911312299,1461911312462
159,1461911312938,1461911313177
160,1461911313750,1461911313891
161,1461911314392,1461911314606
162,1461911315153,1461911315321
163,1461911315797,1461911316036
164,1461911316619,1461911316751
165,1461911317268,1461911317465
166,1461911317977,1461911318180
167,1461911318687,1461911318895
168,1461911319400,1461911319610
169,1461911320115,1461911320324
170,1461911320831,1461911321039
171,1461911321549,1461911321754
172,1461911322328,1461911322468
173,1461911322990,1461911323184
174,1461911323712,1461911323898
175,1461911324498,1461911324613
176,1461911325103,1461911325328
177,1461911325831,1461911326042
178,1461911326562,1461911326757
179,1461911327354,1461911327472
180,1461911328027,1461911328187
181,1461911328702,1461911328902
182,1461911329439,1461911329616
183,1461911330118,1461911330331
184,1461911330859,1461911331046
185,1461911331602,1461911331761
186,1461911332284,1461911332475
187,1461911333092,1461911333190
188,1461911333778,1461911333905
189,1461911334465,1461911334620
190,1461911335155,1461911335335
191,1461911335845,1461911336050
192,1461911336600,1461911336764
193,1461911337294,1461911337479
194,1461911337989,1461911338194
195,1461911338750,1461911338908
196,1461911339448,1461911339623
197,1461911340212,1461911340338
198,1461911340850,1461911341052
199,1461911341617,1461911341767
200,1461911342322,1461911342482
201,1461911343093,1461911343196
202,1461911343799,1461911343911
203,1461911344509,1461911344626
204,1461911345155,1461911345341
205,1461911345932,1461911346055
206,1461911346581,1461911346770
207,1461911347361,1461911347485
208,1461911348013,1461911348200
209,1461911348731,1461911348914
210,1461911349451,1461911349629
211,1461911350172,1461911350344
212,1461911350895,1461911351059
213,1461911351620,1461911351775
214,1461911352346,1461911352489
215,1461911353075,1461911353204
216,1461911353738,1461911353919
217,1461911354469,1461911354633
218,1461911355268,1461911355348
219,1461911355936,1461911356063
220,1461911356604,1461911356777
221,1461911357340,1461911357492
222,1461911358078,1461911358207
223,1461911358816,1461911358921
224,1461911359491,1461911359636
225,1461911360233,1461911360351
226,1461911360977,1461911361066
227,1461911361790,1461911361780
228,1461911362402,1461911362495
229,1461911363082,1461911363210
230,1461911363832,1461911363925
231,1461911364515,1461911364639
232,1461911365200,1461911365354
233,1461911365955,1461911366069
234,1461911366710,1461911366784
235,1461911367399,1461911367498
236,1461911368157,1461911368213
237,1461911368779,1461911368928
238,1461911369610,1461911369642
239,1461911370234,1461911370357
240,1461911370929,1461911371072
241,1461911371696,1461911371786
242,1461911372393,1461911372501
243,1461911373093,1461911373216
244,1461911373793,1461911373930
245,1461911374493,1461911374645
246,1461911375268,1461911375359
247,1461911376041,1461911376074
248,1461911376675,1461911376789
249,1461911377382,1461911377503
250,1461911378089,1461911378218
251,1461911378798,1461911378933
252,1461911379579,1461911379648
253,1461911380219,1461911380363
254,1461911381075,1461911381077
255,1461911381717,1461911381792
256,1461911382504,1461911382507
257,1461911383222,1461911383221
258,1461911383869,1461911383936
259,1461911384517,1461911384651
260,1461911385238,1461911385366
261,1461911385961,1461911386080
262,1461911386685,1461911386795
263,1461911387409,1461911387510
264,1461911388136,1461911388225
265,1461911388935,1461911388939
266,1461911389591,1461911389654
267,1461911390249,1461911390369
268,1461911390980,1461911391084
269,1461911391712,1461911391798
270,1461911392447,1461911392513
271,1461911393181,1461911393227
272,1461911393843,1461911393942
273,1461911394580,1461911394657
274,1461911395320,1461911395371
275,1461911395985,1461911396086
276,1461911396726,1461911396801
277,1461911397467,1461911397515
278,1461911398137,1461911398230
279,1461911398956,1461911398945
280,1461911399553,1461911399660
281,1461911400300,1461911400374
282,1461911401048,1461911401089
283,1461911401721,1461911401804
284,1461911402546,1461911402519
285,1461911403148,1461911403233
286,1461911403976,1461911403948
287,1461911404580,1461911404663
288,1461911405336,1461911405377
289,1461911406017,1461911406092
290,1461911406776,1461911406807
291,1461911407458,1461911407521
292,1461911408142,1461911408236
293,1461911408903,1461911408950
294,1461911409588,1461911409665
295,1461911410352,1461911410380
296,1461911411040,1461911411095
297,1461911411731,1461911411809
298,1461911412573,1461911412524
299,1461911413189,1461911413239
300,1461911413882,1461911413953
301,1461911414577,1461911414668
302,1461911415425,1461911415383
303,1461911416044,1461911416097
304,1461911416818,1461911416812
305,1461911417438,1461911417526
306,1461911418214,1461911418241
307,1461911418915,1461911418956
308,1461911419693,1461911419670
309,1461911420318,1461911420385
310,1461911421022,1461911421099
311,1461911421803,1461911421814
312,1461911422508,1461911422529
313,1461911423214,1461911423243
314,1461911423922,1461911423958
315,1461911424709,1461911424672
316,1461911425339,1461911425387
317,1461911426127,1461911426102
318,1461911426838,1461911426816
319,1461911427472,1461911427531
320,1461911428263,1461911428246
321,1461911428898,1461911428961
322,1461911429692,1461911429675
323,1461911430408,1461911430392
324,1461911431045,1461911431107
325,1461911431764,1461911431822
326,1461911432485,1461911432536
327,1461911433284,1461911433251
328,1461911433925,1461911433965
329,1461911434648,1461911434680
330,1461911435371,1461911435395
331,1461911436096,1461911436109
332,1461911436822,1461911436824
333,1461911437548,1461911437538
334,1461911438194,1461911438253
335,1461911438924,1461911438968
336,1461911439653,1461911439683
337,1461911440385,1461911440397
338,1461911441116,1461911441112
339,1461911441768,1461911441827
340,1461911442503,1461911442542
341,1461911443237,1461911443256
342,1461911443972,1461911443971
343,1461911444790,1461911444686
344,1461911445364,1461911445400
345,1461911446185,1461911446115
346,1461911446842,1461911446830
347,1461911447500,1461911447544
348,1461911448242,1461911448259
349,1461911448984,1461911448974
350,1461911449647,1461911449688
351,1461911450392,1461911450403
352,1461911451220,1461911451118
353,1461911451884,1461911451832
354,1461911452548,1461911452547
355,1461911453295,1461911453262
356,1461911453962,1461911453976
357,1461911454712,1461911454691
358,1461911455464,1461911455406
359,1461911456135,1461911456120
360,1461911456805,1461911456835
361,1461911457559,1461911457549
362,1461911458230,1461911458264
363,1461911458988,1461911458979
364,1461911459745,1461911459694
365,1461911460419,1461911460408
366,1461911461094,1461911461123
367,1461911461855,1461911461838
368,1461911462615,1461911462552
369,1461911463292,1461911463267
370,1461911464056,1461911463982
371,1461911464735,1461911464696
372,1461911465415,1461911465411
373,1461911466095,1461911466125
374,1461911466862,1461911466840
375,1461911467545,1461911467555
376,1461911468313,1461911468269
377,1461911468998,1461911468984
378,1461911469683,1461911469698
379,1461911470454,1461911470413
380,1461911471142,1461911471128
381,1461911471915,1461911471843
382,1461911472603,1461911472557
383,1461911473293,1461911473272
384,1461911473984,1461911473987
385,1461911474847,1461911474701
386,1461911475452,1461911475416
387,1461911476230,1461911476131
388,1461911476923,1461911476845
389,1461911477617,1461911477560
390,1461911478313,1461911478275
391,1461911479009,1461911478989
392,1461911479793,1461911479704
393,1461911480403,1461911480419
394,1461911481276,1461911481133
395,1461911481887,1461911481848
396,1461911482675,1461911482562
397,1461911483289,1461911483277
398,1461911483990,1461911483991
399,1461911484868,1461911484706
400,1461911485484,1461911485421
401,1461911486188,1461911486135
402,1461911486980,1461911486850
403,1461911487687,1461911487564
404,1461911488393,1461911488279
405,1461911489011,1461911488993
406,1461911489807,1461911489708
407,1461911490517,1461911490423
408,1461911491139,1461911491137
409,1461911491850,1461911491852
410,1461911492651,1461911492567
411,1461911493363,1461911493281
412,1461911494077,1461911493996
413,1461911494791,1461911494710
414,1461911495507,1461911495426
415,1461911496224,1461911496143
416,1461911497030,1461911496858
417,1461911497658,1461911497573
418,1461911498465,1461911498288
419,1461911499094,1461911499002
420,1461911499724,1461911499717
421,1461911500444,1461911500431
422,1461911501254,1461911501146
423,1461911501887,1461911501861
424,1461911502610,1461911502575
425,1461911503333,1461911503290
426,1461911504059,1461911504005
427,1461911504784,1461911504719
428,1461911505511,1461911505434
429,1461911506240,1461911506148
430,1461911506877,1461911506863
431,1461911507605,1461911507578
432,1461911508426,1461911508292
433,1461911509065,1461911509007
434,1461911509887,1461911509722
435,1461911510527,1461911510436
436,1461911511260,1461911511151
437,1461911511901,1461911511865
438,1461911512727,1461911512580
439,1461911513370,1461911513295
440,1461911514197,1461911514009
441,1461911514750,1461911514724
442,1461911515486,1461911515438
443,1461911516224,1461911516153
444,1461911517054,1461911516867
445,1461911517609,1461911517582
446,1461911518441,1461911518297
447,1461911519090,1461911519011
448,1461911519833,1461911519726
449,1461911520483,1461911520441
450,1461911521227,1461911521155
451,1461911521971,1461911521870
452,1461911522715,1461911522585
453,1461911523368,1461911523299
454,1461911524114,1461911524014
455,1461911524768,1461911524728
456,1461911525516,1461911525443
457,1461911526266,1461911526158
458,1461911526922,1461911526872
459,1461911527766,1461911527587
460,1461911528612,1461911528301
461,1461911529082,1461911529016
462,1461911529834,1461911529731
463,1461911530493,1461911530446
464,1461911531249,1461911531160
465,1461911532098,1461911531875
466,1461911532665,1461911532590
467,1461911533515,1461911533304
468,1461911534178,1461911534019
469,1461911534935,1461911534734
470,1461911535504,1461911535448
471,1461911536264,1461911536163
472,1461911536929,1461911536877
473,1461911537691,1461911537592
474,1461911538452,1461911538306
475,1461911539119,1461911539021
476,1461911539882,1461911539736
477,1461911540742,1461911540450
478,1461911541316,1461911541165
479,1461911541986,1461911541879
480,1461911542657,1461911542594
481,1461911543424,1461911543309
482,1461911544191,1461911544023
483,1461911544864,1461911544738
484,1461911545634,1461911545452
485,1461911546307,1461911546167
486,1461911546981,1461911546881
487,1461911547752,1461911547596
488,1461911548525,1461911548310
489,1461911549104,1461911549025
490,1461911549878,1461911549739
491,1461911550653,1461911550454
492,1461911551235,1461911551169
493,1461911552011,1461911551884
494,1461911552691,1461911552598
495,1461911553470,1461911553313
496,1461911554152,1461911554028
497,1461911554833,1461911554742
498,1461911555613,1461911555457
499,1461911556393,1461911556171
500,1461911556979,1461911556886
501,1461911557859,1461911557601
502,1461911558446,1461911558315
503,1461911559230,1461911559030
504,1461911559820,1461911559744
505,1461911560606,1461911560459
506,1461911561293,1461911561173
507,1461911561982,1461911561888
508,1461911562769,1461911562603
509,1461911563460,1461911563318
510,1461911564249,1461911564032
511,1461911564841,1461911564747
512,1461911565731,1461911565461
513,1461911566326,1461911566176
514,1461911567019,1461911566890
515,1461911567713,1461911567605
516,1461911568408,1461911568320
517,1461911569201,1461911569034
518,1461911569996,1461911569749
519,1461911570593,1461911570463
520,1461911571289,1461911571178
521,1461911572086,1461911571893
522,1461911572783,1461911572608
523,1461911573483,1461911573322
524,1461911574182,1461911574037
525,1461911574982,1461911574752
526,1461911575682,1461911575466
527,1461911576383,1461911576181
528,1461911577086,1461911576896
529,1461911577788,1461911577610
530,1461911578491,1461911578325
531,1461911579194,1461911579039
532,1461911579898,1461911579754
533,1461911580703,1461911580469
534,1461911581409,1461911581183
535,1461911582014,1461911581898
536,1461911582822,1461911582613
537,1461911583429,1461911583327
538,1461911584238,1461911584042
539,1461911584946,1461911584757
540,1461911585657,1461911585471
541,1461911586368,1461911586186
542,1461911587079,1461911586900
543,1461911587789,1461911587615
544,1461911588603,1461911588329
545,1461911589315,1461911589044
546,1461911589926,1461911589758
547,1461911590741,1461911590473
548,1461911591354,1461911591188
549,1461911592171,1461911591902
550,1461911592784,1461911592617
551,1461911593602,1461911593331
552,1461911594217,1461911594046
553,1461911595037,1461911594760
554,1461911595653,1461911595475
555,1461911596474,1461911596190
556,1461911597091,1461911596904
557,1461911597811,1461911597619
558,1461911598532,1461911598333
559,1461911599254,1461911599048
560,1461911599976,1461911599762
561,1461911600699,1461911600477
562,1461911601318,1461911601191
563,1461911602042,1461911601906
564,1461911602766,1461911602621
565,1461911603492,1461911603335
566,1461911604218,1461911604050
567,1461911604945,1461911604764
568,1461911605672,1461911605479
569,1461911606399,1461911606193
570,1461911607127,1461911606908
571,1461911607753,1461911607622
572,1461911608482,1461911608337
573,1461911609213,1461911609052
574,1461911609944,1461911609766
575,1461911610677,1461911610481
576,1461911611408,1461911611195
577,1461911612036,1461911611910
578,1461911612769,1461911612625
579,1461911613502,1461911613339
580,1461911614340,1461911614054
581,1461911614970,1461911614768
582,1461911615705,1461911615483
583,1461911616441,1461911616197
584,1461911617073,1461911616912
585,1461911617811,1461911617626
586,1461911618549,1461911618341
587,1461911619289,1461911619056
588,1461911619922,1461911619771
589,1461911620663,1461911620485
590,1461911621403,1461911621200
591,1461911622144,1461911621914
592,1461911622779,1461911622629
593,1461911623628,1461911623344
594,1461911624265,1461911624058
595,1461911625008,1461911624773
596,1461911625645,1461911625487
597,1461911626496,1461911626202
598,1461911627240,1461911626916
599,1461911627879,1461911627631
600,1461911628625,1461911628346
601,1461911629265,1461911629060
602,1461911630013,1461911629775
603,1461911630654,1461911630489
604,1461911631404,1461911631204
605,1461911632153,1461911631918
606,1461911632796,1461911632633
607,1461911633546,1461911633347
608,1461911634404,1461911634062
609,1461911634941,1461911634777
610,1461911635693,1461911635491
611,1461911636446,1461911636206
612,1461911637091,1461911636920
613,1461911637846,1461911637635
614,1461911638600,1461911638349
615,1461911639355,1461911639064
616,1461911640003,1461911639778
617,1461911640651,1461911640493
618,1461911641407,1461911641208
619,1461911642273,1461911641922
620,1461911642815,1461911642637
621,1461911643573,1461911643351
622,1461911644332,1461911644066
623,1461911644983,1461911644780
624,1461911645744,1461911645495
625,1461911646396,1461911646210
626,1461911647266,1461911646924
627,1461911647918,1461911647639
628,1461911648572,1461911648353
629,1461911649336,1461911649068
630,1461911650100,1461911649782
631,1461911650863,1461911650497
632,1461911651520,1461911651212
633,1461911652284,1461911651926
634,1461911652941,1461911652641
635,1461911653707,1461911653355
636,1461911654364,1461911654070
637,1461911655023,1461911654785
638,1461911655682,1461911655499
639,1461911656450,1461911656214
640,1461911657109,1461911656928
641,1461911657989,1461911657642
642,1461911658540,1461911658357
643,1461911659311,1461911659072
644,1461911659973,1461911659786
645,1461911660746,1461911660501
646,1461911661408,1461911661215
647,1461911662182,1461911661930
648,1461911662847,1461911662644
649,1461911663733,1461911663359
650,1461911664397,1461911664074
651,1461911665062,1461911664788
652,1461911665727,1461911665503
653,1461911666393,1461911666217
654,1461911667171,1461911666932
655,1461911667838,1461911667646
656,1461911668617,1461911668361
657,1461911669396,1461911669075
658,1461911670064,1461911669790
659,1461911670733,1461911670505
660,1461911671403,1461911671219
661,1461911672185,1461911671934
662,1461911672967,1461911672648
663,1461911673638,1461911673363
664,1461911674310,1461911674077
665,1461911674983,1461911674792
666,1461911675769,1461911675506
667,1461911676441,1461911676221
668,1461911677338,1461911676935
669,1461911677900,1461911677650
670,1461911678574,1461911678364
671,1461911679361,1461911679079
672,1461911680036,1461911679794
673,1461911680713,1461911680508
674,1461911681503,1461911681223
675,1461911682179,1461911681937
676,1461911682969,1461911682652
677,1461911683646,1461911683367
678,1461911684324,1461911684081
679,1461911685002,1461911684796
680,1461911685795,1461911685510
681,1461911686475,1461911686225
682,1461911687268,1461911686939
683,1461911688062,1461911687654
684,1461911688630,1461911688368
685,1461911689312,1461911689082
686,1461911689994,1461911689797
687,1461911690904,1461911690512
688,1461911691473,1461911691226
689,1461911692157,1461911691941
690,1461911693069,1461911692655
691,1461911693639,1461911693370
692,1461911694325,1461911694084
693,1461911695011,1461911694799
694,1461911695811,1461911695514
695,1461911696499,1461911696228
696,1461911697185,1461911696943
697,1461911697987,1461911697657
698,1461911698675,1461911698372
699,1461911699363,1461911699087
700,1461911700166,1461911699801
701,1461911700856,1461911700516
702,1461911701660,1461911701231
703,1461911702350,1461911701945
704,1461911702926,1461911702660
705,1461911703617,1461911703374
706,1461911704310,1461911704089
707,1461911705117,1461911704803
708,1461911705810,1461911705518
709,1461911706618,1461911706232
710,1461911707311,1461911706947
711,1461911707889,1461911707661
712,1461911708699,1461911708376
713,1461911709394,1461911709090
714,1461911710205,1461911709805
715,1461911710901,1461911710520
716,1461911711481,1461911711234
717,1461911712178,1461911711949
718,1461911712991,1461911712663
719,1461911713805,1461911713378
720,1461911714503,1461911714092
721,1461911715085,1461911714807
722,1461911715900,1461911715521
723,1461911716599,1461911716236
724,1461911717182,1461911716951
725,1461911718117,1461911717665
726,1461911718700,1461911718380
727,1461911719401,1461911719095
728,1461911720102,1461911719809
729,1461911720921,1461911720524
730,1461911721507,1461911721238
731,1461911722210,1461911721953
732,1461911722914,1461911722667
733,1461911723617,1461911723382
734,1461911724440,1461911724096
735,1461911725145,1461911724811
736,1461911725969,1461911725526
737,1461911726557,1461911726240
738,1461911727382,1461911726955
739,1461911727971,1461911727670
740,1461911728678,1461911728384
741,1461911729386,1461911729099
742,1461911730094,1461911729813
743,1461911730802,1461911730528
744,1461911731512,1461911731243
745,1461911732221,1461911731957
746,1461911733049,1461911732672
747,1461911733760,1461911733388
748,1461911734352,1461911734119
749,1461911735182,1461911734833
750,1461911735895,1461911735548
751,1461911736607,1461911736263
752,1461911737321,1461911736977
753,1461911738035,1461911737692
754,1461911738748,1461911738406
755,1461911739581,1461911739121
756,1461911740296,1461911739836
757,1461911740892,1461911740550
758,1461911741727,1461911741265
759,1461911742325,1461911741979
760,1461911743042,1461911742694
761,1461911743878,1461911743409
762,1461911744476,1461911744123
763,1461911745313,1461911744838
764,1461911746032,1461911745552
765,1461911746631,1461911746267
766,1461911747352,1461911746982
767,1461911748071,1461911747696
768,1461911748671,1461911748411
769,1461911749392,1461911749126
770,1461911750234,1461911749840
771,1461911750835,1461911750555
772,1461911751676,1461911751269
773,1461911752278,1461911751984
774,1461911753000,1461911752699
775,1461911753723,1461911753413
776,1461911754568,1461911754128
777,1461911755171,1461911754842
778,1461911755896,1461911755557
779,1461911756741,1461911756271
780,1461911757346,1461911756986
781,1461911758073,1461911757700
782,1461911758678,1461911758415
783,1461911759405,1461911759130
784,1461911760133,1461911759844
785,1461911760863,1461911760559
786,1461911761591,1461911761274
787,1461911762320,1461911761988
788,1461911763049,1461911762703
789,1461911763779,1461911763417
790,1461911764509,1461911764132
791,1461911765239,1461911764846
792,1461911765848,1461911765561
793,1461911766579,1461911766276
794,1461911767433,1461911766990
795,1461911768044,1461911767705
796,1461911768777,1461911768419
797,1461911769511,1461911769134
798,1461911770244,1461911769848
799,1461911770978,1461911770564
800,1461911771591,1461911771278
801,1461911772325,1461911771993
802,1461911773061,1461911772707
803,1461911773796,1461911773422
804,1461911774410,1461911774137
805,1461911775147,1461911774851
806,1461911775885,1461911775566
807,1461911776622,1461911776280
808,1461911777361,1461911776995
809,1461911778223,1461911777709
810,1461911778716,1461911778424
811,1461911779578,1461911779139
812,1461911780195,1461911779853
813,1461911781059,1461911780568
814,1461911781676,1461911781282
815,1461911782294,1461911781997
816,1461911783036,1461911782711
817,1461911783779,1461911783429
818,1461911784522,1461911784164
819,1461911785265,1461911784899
820,1461911786008,1461911785613
821,1461911786628,1461911786328
822,1461911787372,1461911787043
823,1461911788117,1461911787757
824,1461911788863,1461911788472
825,1461911789484,1461911789186
826,1461911790231,1461911789901
827,1461911790978,1461911790616
828,1461911791726,1461911791330
829,1461911792348,1461911792045
830,1461911793096,1461911792759
831,1461911793844,1461911793474
832,1461911794593,1461911794188
833,1461911795218,1461911794902
834,1461911795967,1461911795617
835,1461911796718,1461911796332
836,1461911797469,1461911797046
837,1461911798095,1461911797761
838,1461911798846,1461911798475
839,1461911799598,1461911799190
840,1461911800225,1461911799904
841,1461911800978,1461911800619
842,1461911801731,1461911801333
843,1461911802358,1461911802047
844,1461911803238,1461911802762
845,1461911803992,1461911803477
846,1461911804621,1461911804191
847,1461911805251,1461911804906
848,1461911806007,1461911805620
849,1461911806637,1461911806335
850,1461911807519,1461911807049
851,1461911808275,1461911807763
852,1461911808780,1461911808478
853,1461911809538,1461911809192
854,1461911810422,1461911809907
855,1461911811055,1461911810621
856,1461911811688,1461911811336
857,1461911812447,1461911812050
858,1461911813208,1461911812765
859,1461911813842,1461911813479
860,1461911814730,1461911814193
861,1461911815238,1461911814908
862,1461911816126,1461911815623
863,1461911816889,1461911816337
864,1461911817398,1461911817051
865,1461911818161,1461911817766
866,1461911818925,1461911818480
867,1461911819561,1461911819195
868,1461911820326,1461911819910
869,1461911820964,1461911820624
870,1461911821729,1461911821339
871,1461911822367,1461911822053
872,1461911823260,1461911822768
873,1461911823899,1461911823482
874,1461911824538,1461911824196
875,1461911825305,1461911824911
876,1461911825945,1461911825625
877,1461911826841,1461911826340
878,1461911827482,1461911827054
879,1461911828251,1461911827769
880,1461911828892,1461911828483
881,1461911829662,1461911829198
882,1461911830305,1461911829912
883,1461911831075,1461911830627
884,1461911831719,1461911831342
885,1461911832491,1461911832056
886,1461911833134,1461911832771
887,1461911833907,1461911833486
888,1461911834552,1461911834200
889,1461911835326,1461911834915
890,1461911835971,1461911835629
891,1461911836746,1461911836344
892,1461911837392,1461911837058
893,1461911838167,1461911837773
894,1461911838943,1461911838487
895,1461911839590,1461911839202
896,1461911840367,1461911839917
897,1461911841015,1461911840631
898,1461911841792,1461911841346
899,1461911842569,1461911842060
900,1461911843477,1461911842775
901,1461911843867,1461911843490
902,1461911844646,1461911844204
903,1461911845425,1461911844918
904,1461911846204,1461911845633
905,1461911846725,1461911846347
906,1461911847505,1461911847062
907,1461911848156,1461911847776
908,1461911848937,1461911848491
909,1461911849588,1461911849205
910,1461911850371,1461911849920
911,1461911851023,1461911850634
912,1461911851807,1461911851349
913,1461911852459,1461911852064
914,1461911853112,1461911852778
915,1461911853897,1461911853492
916,1461911854550,1461911854207
917,1461911855466,1461911854921
918,1461911855989,1461911855636
919,1461911856775,1461911856350
920,1461911857431,1461911857065
921,1461911858218,1461911857779
922,1461911858874,1461911858494
923,1461911859663,1461911859208
924,1461911860319,1461911859923
925,1461911860977,1461911860637
926,1461911861766,1461911861352
927,1461911862424,1461911862066
928,1461911863214,1461911862781
929,1461911863873,1461911863495
930,1461911864664,1461911864210
931,1461911865323,1461911864924
932,1461911865983,1461911865639
933,1461911866774,1461911866354
934,1461911867566,1461911867068
935,1461911868359,1461911867783
936,1461911868888,1461911868497
937,1461911869682,1461911869212
938,1461911870343,1461911869926
939,1461911871138,1461911870641
940,1461911871800,1461911871355
941,1461911872463,1461911872070
942,1461911873390,1461911872784
943,1461911873920,1461911873499
944,1461911874716,1461911874213
945,1461911875512,1461911874927
946,1461911876177,1461911875642
947,1461911876708,1461911876356
948,1461911877507,1461911877071
949,1461911878173,1461911877785
950,1461911878973,1461911878500
951,1461911879639,1461911879214
952,1461911880306,1461911879929
953,1461911881107,1461911880643
954,1461911881774,1461911881358
955,1461911882442,1461911882072
956,1461911883242,1461911882787
957,1461911883910,1461911883501
958,1461911884712,1461911884215
959,1461911885381,1461911884930
960,1461911886050,1461911885645
961,1461911886854,1461911886359
962,1461911887659,1461911887074
963,1461911888195,1461911887788
964,1461911888999,1461911888502
965,1461911889669,1461911889217
966,1461911890340,1461911889931
967,1461911891146,1461911890646
968,1461911891951,1461911891361
969,1461911892623,1461911892075
970,1461911893296,1461911892790
971,1461911893967,1461911893504
972,1461911894640,1461911894218
973,1461911895314,1461911894933
974,1461911896123,1461911895647
975,1461911896932,1461911896362
976,1461911897472,1461911897076
977,1461911898417,1461911897791
978,1461911898958,1461911898505
979,1461911899633,1461911899220
980,1461911900309,1461911899934
981,1461911901255,1461911900648
982,1461911901797,1461911901363
983,1461911902609,1461911902077
984,1461911903287,1461911902791
985,1461911904100,1461911903506
986,1461911904642,1461911904220
987,1461911905321,1461911904935
988,1461911906135,1461911905649
989,1461911906814,1461911906364
990,1461911907629,1461911907078
991,1461911908173,1461911907793
992,1461911909124,1461911908507
993,1461911909804,1461911909221
994,1461911910485,1461911909936
995,1461911911030,1461911910650
996,1461911911983,1461911911365
997,1461911912528,1461911912079
998,1461911913210,1461911912794
999,1461911914029,1461911913508
1000,1461911914712,1461911914223
1001,1461911915394,1461911914937
1002,1461911916077,1461911915652
1003,1461911916897,1461911916366
1004,1461911917581,1461911917081
1005,1461911918265,1461911917795
1006,1461911918949,1461911918510
1007,1461911919771,1461911919225
1008,1461911920593,1461911919939
1009,1461911921141,1461911920654
1010,1461911921964,1461911921368
1011,1461911922513,1461911922083
1012,1461911923337,1461911922797
1013,1461911924024,1461911923512
1014,1461911924711,1461911924226
1015,1461911925399,1461911924941
1016,1461911926087,1461911925655
1017,1461911926774,1461911926370
1018,1461911927601,1461911927084
1019,1461911928290,1461911927799
1020,1461911928980,1461911928514
1021,1461911929807,1461911929228
1022,1461911930359,1461911929943
1023,1461911931050,1461911930657
1024,1461911932017,1461911931372
1025,1461911932708,1461911932086
1026,1461911933261,1461911932801
1027,1461911933952,1461911933515
1028,1461911934644,1461911934230
1029,1461911935475,1461911934944
1030,1461911936306,1461911935659
1031,1461911936861,1461911936373
1032,1461911937554,1461911937087
1033,1461911938247,1461911937802
1034,1461911938941,1461911938516
1035,1461911939635,1461911939231
1036,1461911940469,1461911939945
1037,1461911941164,1461911940660
1038,1461911941859,1461911941374
1039,1461911942695,1461911942089
1040,1461911943251,1461911942804
1041,1461911943948,1461911943518
1042,1461911944784,1461911944232
1043,1461911945481,1461911944947
1044,1461911946317,1461911945661
1045,1461911946875,1461911946376
1046,1461911947712,1461911947090
1047,1461911948410,1461911947805
1048,1461911948969,1461911948521
1049,1461911949668,1461911949253
1050,1461911950508,1461911949980
1051,1461911951207,1461911950714
1052,1461911951907,1461911951442
1053,1461911952607,1461911952172
1054,1461911953307,1461911952888
1055,1461911954149,1461911953603
1056,1461911954851,1461911954319
1057,1461911955553,1461911955033
1058,1461911956254,1461911955747
1059,1461911956957,1461911956463
1060,1461911957659,1461911957178
1061,1461911958362,1461911957894
1062,1461911959067,1461911958611
1063,1461911959770,1461911959329
1064,1461911960474,1461911960041
1065,1461911961178,1461911960755
1066,1461911962023,1461911961468
1067,1461911962728,1461911962185
1068,1461911963433,1461911962897
1069,1461911964139,1461911963610
1070,1461911964985,1461911964337
1071,1461911965691,1461911965053
1072,1461911966256,1461911965768
1073,1461911966963,1461911966489
1074,1461911967812,1461911967204
1075,1461911968377,1461911967918
1076,1461911969086,1461911968634
1077,1461911969793,1461911969349
1078,1461911970502,1461911970064
1079,1461911971211,1461911970779
1080,1461911971920,1461911971493
1081,1461911972913,1461911972208
1082,1461911973622,1461911972923
1083,1461911974190,1461911973637
1084,1461911974901,1461911974352
1085,1461911975613,1461911975071
1086,1461911976324,1461911975786
1087,1461911977036,1461911976504
1088,1461911977889,1461911977218
1089,1461911978459,1461911977933
1090,1461911979171,1461911978648
1091,1461911979884,1461911979364
1092,1461911980739,1461911980079
1093,1461911981310,1461911980794
1094,1461911982024,1461911981510
1095,1461911982738,1461911982225
1096,1461911983452,1461911982940
1097,1461911984166,1461911983656
1098,1461911984882,1461911984371
1099,1461911985597,1461911985086
1100,1461911986313,1461911985801
1101,1461911987028,1461911986516
1102,1461911987745,1461911987232
1103,1461911988461,1461911987947
1104,1461911989177,1461911988662
1105,1461911989894,1461911989377
1106,1461911990610,1461911990091
1107,1461911991472,1461911990806
1108,1461911992046,1461911991520
1109,1461911992764,1461911992235
1110,1461911993486,1461911992949
1111,1461911994068,1461911993667
1112,1461911994650,1461911994388
1113,1461911995378,1461911995108
1114,1461911996108,1461911995828
1115,1461911996837,1461911996549
1116,1461911997561,1461911997271
1117,1461911998572,1461911997987
1118,1461911999150,1461911998702
1119,1461911999872,1461911999418
1120,1461912000739,1461912000133
1121,1461912001318,1461912000850
1122,1461912002041,1461912001564
1123,1461912002765,1461912002279
1124,1461912003490,1461912002997
1125,1461912004214,1461912003713
1126,1461912004939,1461912004428
1127,1461912005664,1461912005143
1128,1461912006389,1461912005859
1129,1461912007115,1461912006574
1130,1461912007841,1461912007288
1131,1461912008568,1461912008003
1132,1461912009294,1461912008720
1133,1461912010021,1461912009434
1134,1461912010603,1461912010149
1135,1461912011330,1461912010866
1136,1461912012058,1461912011580
1137,1461912012787,1461912012295
1138,1461912013516,1461912013011
1139,1461912014244,1461912013726
1140,1461912014974,1461912014444
1141,1461912015703,1461912015159
1142,1461912016578,1461912015884
1143,1461912017161,1461912016608
1144,1461912017892,1461912017322
1145,1461912018623,1461912018037
1146,1461912019209,1461912018752
1147,1461912019942,1461912019466
1148,1461912020673,1461912020181
1149,1461912021405,1461912020895
1150,1461912022138,1461912021610
1151,1461912022725,1461912022324
1152,1461912023458,1461912023039
1153,1461912024339,1461912023754
1154,1461912024929,1461912024470
