0,1461916327744,1461916330149
1,1461916330164,1461916330955
2,1461916330967,1461916331756
3,1461916331767,1461916332554
4,1461916332567,1461916333353
5,1461916333361,1461916334148
6,1461916334167,1461916334946
7,1461916334956,1461916335736
8,1461916335747,1461916336534
9,1461916336553,1461916337325
10,1461916337337,1461916338116
11,1461916338131,1461916338904
12,1461916338923,1461916339690
13,1461916339709,1461916340471
14,1461916340486,1461916341260
15,1461916341284,1461916342045
16,1461916342070,1461916342830
17,1461916342845,1461916343609
18,1461916343636,1461916344388
19,1461916344403,1461916345169
20,1461916345196,1461916345951
21,1461916345985,1461916346726
22,1461916346751,1461916347502
23,1461916347538,1461916348278
24,1461916348311,1461916349053
25,1461916349083,1461916349829
26,1461916349865,1461916350607
27,1461916350646,1461916351383
28,1461916351403,1461916352152
29,1461916352189,1461916352925
30,1461916352953,1461916353698
31,1461916353735,1461916354469
32,1461916354509,1461916355240
33,1461916355263,1461916356011
34,1461916356033,1461916356786
35,1461916356821,1461916357557
36,1461916357591,1461916358325
37,1461916358384,1461916359096
38,1461916359179,1461916359866
39,1461916359956,1461916360633
40,1461916360720,1461916361401
41,1461916361503,1461916362174
42,1461916362277,1461916362929
43,1461916363696,1461916363665
45,1461916364937,1461916365147
46,1461916365271,1461916365890
47,1461916366363,1461916366629
48,1461916367417,1461916367366
49,1461916367469,1461916368108
50,1461916368630,1461916368850
52,1461916369804,1461916370340
53,1461916370458,1461916371084
54,1461916371644,1461916371822
56,1461916372713,1461916373302
58,1461916374261,1461916374783
59,1461916375558,1461916375522
60,1461916375635,1461916376263
61,1461916376797,1461916377005
62,1461916377123,1461916377746
63,1461916378292,1461916378490
64,1461916378637,1461916379237
66,1461916380072,1461916380722
68,1461916381615,1461916382208
69,1461916382368,1461916382955
70,1461916383332,1461916383697
71,1461916384433,1461916384434
72,1461916384630,1461916385183
74,1461916386330,1461916386664
75,1461916386839,1461916387403
76,1461916387948,1461916388144
77,1461916388273,1461916388883
78,1461916389386,1461916389623
80,1461916390615,1461916391102
81,1461916391268,1461916391848
82,1461916392085,1461916392588
83,1461916393207,1461916393327
84,1461916393571,1461916394073
86,1461916395063,1461916395548
87,1461916396195,1461916396287
88,1461916396455,1461916397037
89,1461916397237,1461916397777
90,1461916398373,1461916398516
92,1461916399512,1461916399994
93,1461916400268,1461916400740
94,1461916400967,1461916401485
95,1461916401662,1461916402233
97,1461916403507,1461916403710
98,1461916403933,1461916404450
99,1461916405220,1461916405188
100,1461916405371,1461916405932
102,1461916406961,1461916407411
103,1461916407717,1461916408155
104,1461916409023,1461916408892
105,1461916409179,1461916409641
106,1461916409954,1461916410383
107,1461916410616,1461916411128
108,1461916411389,1461916411874
110,1461916413172,1461916413352
111,1461916413650,1461916414099
112,1461916414289,1461916414846
113,1461916415092,1461916415591
115,1461916416894,1461916417068
117,1461916418391,1461916418545
119,1461916419566,1461916420021
122,1461916421932,1461916422236
123,1461916422682,1461916422979
125,1461916424241,1461916424455
127,1461916425436,1461916425934
129,1461916427407,1461916427409
130,1461916428200,1461916428148
131,1461916428397,1461916428892
133,1461916430195,1461916430371
134,1461916430592,1461916431112
137,1461916433004,1461916433323
140,1461916435222,1461916435540
142,1461916437082,1461916437016
143,1461916437301,1461916437762
145,1461916438972,1461916439238
149,1461916442219,1461916442186
150,1461916442463,1461916442925
154,1461916445718,1461916445874
155,1461916446225,1461916446616
158,1461916449153,1461916448828
159,1461916449410,1461916449569
161,1461916450936,1461916451046
162,1461916451462,1461916451787
164,1461916452993,1461916453262
165,1461916454264,1461916453998
167,1461916455740,1461916455475
169,1461916457019,1461916456950
170,1461916457296,1461916457692
172,1461916458778,1461916459169
174,1461916460353,1461916460644
175,1461916461648,1461916461382
177,1461916463140,1461916462856
182,1461916466651,1461916466542
183,1461916466962,1461916467281
184,1461916468274,1461916468018
186,1461916469788,1461916469497
187,1461916470299,1461916470235
189,1461916471621,1461916471712
190,1461916472260,1461916472453
192,1461916473902,1461916473928
195,1461916476240,1461916476139
197,1461916477573,1461916477615
198,1461916478255,1461916478357
199,1461916478926,1461916479098
201,1461916480265,1461916480574
202,1461916480942,1461916481318
203,1461916481956,1461916482059
204,1461916482631,1461916482799
206,1461916484513,1461916484274
207,1461916484855,1461916485016
208,1461916485543,1461916485756
209,1461916486232,1461916486496
210,1461916486918,1461916487235
212,1461916488611,1461916488712
213,1461916489308,1461916489452
214,1461916489999,1461916490192
216,1461916491699,1461916491669
217,1461916492052,1461916492408
218,1461916493408,1461916493145
219,1461916493763,1461916493884
221,1461916495127,1461916495359
223,1461916497054,1461916496833
224,1461916497420,1461916497573
226,1461916499153,1461916499048
227,1461916499532,1461916499789
229,1461916501275,1461916501267
230,1461916502017,1461916502008
231,1461916502760,1461916502749
232,1461916503505,1461916503489
233,1461916503892,1461916504229
234,1461916505269,1461916504966
236,1461916506648,1461916506444
237,1461916507032,1461916507184
238,1461916507797,1461916507925
240,1461916509195,1461916509400
242,1461916510581,1461916510875
243,1461916511360,1461916511616
244,1461916512345,1461916512356
247,1461916514757,1461916514565
252,1461916518170,1461916518251
253,1461916518993,1461916518990
255,1461916520814,1461916520466
256,1461916521426,1461916521204
257,1461916521840,1461916521944
258,1461916522669,1461916522684
259,1461916523513,1461916523423
261,1461916524930,1461916524897
262,1461916525350,1461916525638
263,1461916526184,1461916526382
264,1461916527022,1461916527121
265,1461916527865,1461916527860
266,1461916528913,1461916528600
267,1461916529337,1461916529340
269,1461916530764,1461916530816
271,1461916532195,1461916532291
274,1461916534635,1461916534501
276,1461916536093,1461916535976
277,1461916536533,1461916536715
278,1461916537615,1461916537455
280,1461916539056,1461916538932
281,1461916539501,1461916539671
283,1461916541276,1461916541144
284,1461916541725,1461916541885
285,1461916542622,1461916542623
287,1461916544074,1461916544099
289,1461916545981,1461916545573
290,1461916546436,1461916546312
291,1461916546889,1461916547052
293,1461916548350,1461916548531
295,1461916549814,1461916550006
296,1461916550746,1461916550749
298,1461916552679,1461916552225
299,1461916553161,1461916552964
300,1461916553629,1461916553703
302,1461916555303,1461916555178
303,1461916555777,1461916555917
304,1461916556716,1461916556657
307,1461916559199,1461916558868
309,1461916560679,1461916560345
311,1461916562166,1461916561820
312,1461916562656,1461916562560
313,1461916563142,1461916563299
315,1461916564633,1461916564775
318,1461916566826,1461916566992
320,1461916568330,1461916568467
321,1461916569348,1461916569206
322,1461916569849,1461916569946
324,1461916571369,1461916571422
326,1461916572880,1461916572897
327,1461916573901,1461916573635
328,1461916574411,1461916574374
329,1461916574920,1461916575114
331,1461916576434,1461916576590
335,1461916579778,1461916579539
336,1461916580299,1461916580276
341,1461916583838,1461916583964
342,1461916585241,1461916584703
346,1461916587785,1461916587656
347,1461916588343,1461916588395
348,1461916589432,1461916589133
349,1461916589978,1461916589872
350,1461916590716,1461916590610
351,1461916591463,1461916591350
353,1461916593014,1461916592824
355,1461916594564,1461916594299
356,1461916595317,1461916595037
357,1461916595870,1461916595775
358,1461916596620,1461916596514
359,1461916597171,1461916597253
362,1461916599278,1461916599466
370,1461916605437,1461916605360
371,1461916606209,1461916606100
372,1461916606784,1461916606841
376,1461916610161,1461916609789
377,1461916610746,1461916610528
378,1461916611337,1461916611268
379,1461916611923,1461916612007
380,1461916613108,1461916612746
384,1461916615706,1461916615696
386,1461916617321,1461916617170
388,1461916618919,1461916618645
390,1461916620526,1461916620119
391,1461916621130,1461916620858
392,1461916621730,1461916621597
393,1461916622338,1461916622335
398,1461916625961,1461916626020
401,1461916628331,1461916628232
402,1461916629149,1461916628970
407,1461916632790,1461916632655
408,1461916633420,1461916633393
409,1461916634056,1461916634133
412,1461916636325,1461916636347
414,1461916637984,1461916637820
417,1461916640630,1461916640031
420,1461916642288,1461916642244
421,1461916642943,1461916642983
424,1461916645390,1461916645196
425,1461916646049,1461916645934
426,1461916646703,1461916646674
428,1461916648361,1461916648149
430,1461916650028,1461916649623
435,1461916653709,1461916653310
436,1461916654383,1461916654049
441,1461916658078,1461916657733
443,1461916659774,1461916659210
447,1461916662498,1461916662158
448,1461916663256,1461916662896
453,1461916666973,1461916666581
454,1461916667704,1461916667319
458,1461916670427,1461916670266
459,1461916671147,1461916671009
460,1461916672072,1461916671748
464,1461916674800,1461916674697
466,1461916676537,1461916676171
467,1461916677270,1461916676911
468,1461916678004,1461916677649
469,1461916678734,1461916678389
471,1461916680473,1461916679864
472,1461916681209,1461916680605
473,1461916681943,1461916681343
476,1461916683687,1461916683556
478,1461916685431,1461916685031
479,1461916686179,1461916685769
484,1461916689963,1461916689454
485,1461916690717,1461916690193
490,1461916694496,1461916693877
494,1461916697279,1461916696828
495,1461916698052,1461916697566
499,1461916700842,1461916700516