0,1461911197745,1461911199181
1,1461911199185,1461911199900
2,1461911199906,1461911200618
3,1461911200625,1461911201335
4,1461911201368,1461911202052
5,1461911202126,1461911202770
6,1461911202851,1461911203486
7,1461911203574,1461911204203
8,1461911204296,1461911204919
9,1461911205015,1461911205643
10,1461911205738,1461911206374
11,1461911206472,1461911207089
12,1461911207196,1461911207805
13,1461911207920,1461911208521
14,1461911208648,1461911209247
15,1461911209379,1461911209965
16,1461911210099,1461911210691
17,1461911210826,1461911211413
18,1461911211560,1461911212130
19,1461911212273,1461911212845
20,1461911213003,1461911213560
21,1461911213730,1461911214277
22,1461911214437,1461911215000
23,1461911215160,1461911215728
24,1461911215883,1461911216444
25,1461911216618,1461911217167
26,1461911217346,1461911217883
27,1461911218063,1461911218598
28,1461911218770,1461911219317
29,1461911219493,1461911220044
30,1461911220231,1461911220764
31,1461911220978,1461911221479
32,1461911221660,1461911222194
33,1461911222379,1461911222910
34,1461911223109,1461911223630
35,1461911223826,1461911224346
36,1461911224552,1461911225061
37,1461911225260,1461911225777
38,1461911225978,1461911226493
39,1461911226706,1461911227208
40,1461911227414,1461911227925
41,1461911228133,1461911228640
42,1461911228859,1461911229356
43,1461911229565,1461911230071
44,1461911230309,1461911230788
45,1461911230961,1461911231508
46,1461911231669,1461911232228
47,1461911232418,1461911232949
48,1461911233113,1461911233669
49,1461911233852,1461911234389
50,1461911234565,1461911235109
51,1461911235289,1461911235830
52,1461911236024,1461911236549
53,1461911236731,1461911237270
54,1461911237447,1461911237990
55,1461911238170,1461911238710
56,1461911238903,1461911239430
57,1461911239644,1461911240150
58,1461911240356,1461911240870
59,1461911241076,1461911241590
60,1461911241804,1461911242311
61,1461911242538,1461911243031
62,1461911243242,1461911243751
63,1461911243952,1461911244471
64,1461911244710,1461911245192
65,1461911245434,1461911245912
66,1461911246125,1461911246632
67,1461911246862,1461911247351
68,1461911247564,1461911248071
69,1461911248315,1461911248792
70,1461911249029,1461911249512
71,1461911249793,1461911250232
72,1461911250476,1461911250953
73,1461911251209,1461911251674
74,1461911251902,1461911252394
75,1461911252645,1461911253115
76,1461911253351,1461911253835
77,1461911254062,1461911254555
78,1461911254822,1461911255275
79,1461911255544,1461911255995
80,1461911256302,1461911256709
81,1461911257007,1461911257424
82,1461911257713,1461911258139
83,1461911258424,1461911258853
84,1461911259139,1461911259568
85,1461911259857,1461911260283
86,1461911260580,1461911260998
87,1461911261351,1461911261712
88,1461911262034,1461911262427
89,1461911262765,1461911263142
90,1461911263499,1461911263857
91,1461911264191,1461911264572
92,1461911264978,1461911265287
93,1461911265630,1461911266003
94,1461911266377,1461911266718
95,1461911267079,1461911267434
96,1461911267785,1461911268148
97,1461911268493,1461911268863
98,1461911269205,1461911269578
99,1461911269967,1461911270292
100,1461911270683,1461911271007
101,1461911271358,1461911271722
102,1461911272130,1461911272436
103,1461911272857,1461911273151
104,1461911273539,1461911273866
105,1461911274270,1461911274580
106,1461911275005,1461911275295
107,1461911275694,1461911276010
108,1461911276435,1461911276724
109,1461911277128,1461911277439
110,1461911277873,1461911278154
111,1461911278573,1461911278868
112,1461911279275,1461911279583
113,1461911280029,1461911280298
114,1461911280734,1461911281013
115,1461911281443,1461911281728
116,1461911282155,1461911282442
117,1461911282869,1461911283157
118,1461911283586,1461911283872
119,1461911284305,1461911284586
120,1461911285026,1461911285301
121,1461911285750,1461911286016
122,1461911286476,1461911286730
123,1461911287152,1461911287445
124,1461911287884,1461911288160
125,1461911288618,1461911288874
126,1461911289302,1461911289589
127,1461911290040,1461911290304
128,1461911290728,1461911291019
129,1461911291524,1461911291734
130,1461911292165,1461911292449
131,1461911292913,1461911293163
132,1461911293612,1461911293878
133,1461911294310,1461911294593
134,1461911295065,1461911295308
135,1461911295768,1461911296023
136,1461911296474,1461911296737
137,1461911297182,1461911297452
138,1461911297892,1461911298167
139,1461911298713,1461911298882
140,1461911299372,1461911299596
141,1461911300089,1461911300311
142,1461911300807,1461911301026
143,1461911301472,1461911301740
144,1461911302193,1461911302455
145,1461911302919,1461911303170
146,1461911303644,1461911303885
147,1461911304374,1461911304599
148,1461911305107,1461911305314
149,1461911305839,1461911306029
150,1461911306516,1461911306744
151,1461911307254,1461911307459
152,1461911307936,1461911308174
153,1461911308678,1461911308888
154,1461911309365,1461911309603
155,1461911310168,1461911310318
156,1461911310800,1461911311033
157,1461911311606,1461911311747
158,1461911312299,1461911312462
159,1461911312938,1461911313177
160,1461911313750,1461911313891
161,1461911314392,1461911314606
162,1461911315153,1461911315321
163,1461911315797,1461911316036
164,1461911316619,1461911316751
165,1461911317268,1461911317465
166,1461911317977,1461911318180
167,1461911318687,1461911318895
168,1461911319400,1461911319610
169,1461911320115,1461911320324
170,1461911320831,1461911321039
171,1461911321549,1461911321754
172,1461911322328,1461911322468
173,1461911322990,1461911323184
174,1461911323712,1461911323898
175,1461911324498,1461911324613
176,1461911325103,1461911325328
177,1461911325831,1461911326042
178,1461911326562,1461911326757
179,1461911327354,1461911327472
180,1461911328027,1461911328187
181,1461911328702,1461911328902
182,1461911329439,1461911329616
183,1461911330118,1461911330331
184,1461911330859,1461911331046
185,1461911331602,1461911331761
186,1461911332284,1461911332475
187,1461911333092,1461911333190
188,1461911333778,1461911333905
189,1461911334465,1461911334620
190,1461911335155,1461911335335
191,1461911335845,1461911336050
192,1461911336600,1461911336764
193,1461911337294,1461911337479
194,1461911337989,1461911338194
195,1461911338750,1461911338908
196,1461911339448,1461911339623
197,1461911340212,1461911340338
198,1461911340850,1461911341052
199,1461911341617,1461911341767
200,1461911342322,1461911342482
201,1461911343093,1461911343196
202,1461911343799,1461911343911
203,1461911344509,1461911344626
204,1461911345155,1461911345341
205,1461911345932,1461911346055
206,1461911346581,1461911346770
207,1461911347361,1461911347485
208,1461911348013,1461911348200
209,1461911348731,1461911348914
210,1461911349451,1461911349629
211,1461911350172,1461911350344
212,1461911350895,1461911351059
213,1461911351620,1461911351775
214,1461911352346,1461911352489
215,1461911353075,1461911353204
216,1461911353738,1461911353919
217,1461911354469,1461911354633
218,1461911355268,1461911355348
219,1461911355936,1461911356063
220,1461911356604,1461911356777
221,1461911357340,1461911357492
222,1461911358078,1461911358207
223,1461911358816,1461911358921
224,1461911359491,1461911359636
225,1461911360233,1461911360351
226,1461911360977,1461911361066
227,1461911361790,1461911361780
228,1461911362402,1461911362495
229,1461911363082,1461911363210
230,1461911363832,1461911363925
231,1461911364515,1461911364639
232,1461911365200,1461911365354
233,1461911365955,1461911366069
234,1461911366710,1461911366784
235,1461911367399,1461911367498
236,1461911368157,1461911368213
237,1461911368779,1461911368928
238,1461911369610,1461911369642
239,1461911370234,1461911370357
240,1461911370929,1461911371072
241,1461911371696,1461911371786
242,1461911372393,1461911372501
243,1461911373093,1461911373216
244,1461911373793,1461911373930
245,1461911374493,1461911374645
246,1461911375268,1461911375359
247,1461911376041,1461911376074
248,1461911376675,1461911376789
249,1461911377382,1461911377503
250,1461911378089,1461911378218
251,1461911378798,1461911378933
252,1461911379579,1461911379648
253,1461911380219,1461911380363
254,1461911381075,1461911381077
255,1461911381717,1461911381792
256,1461911382504,1461911382507
257,1461911383222,1461911383221
258,1461911383869,1461911383936
259,1461911384517,1461911384651
260,1461911385238,1461911385366
261,1461911385961,1461911386080
262,1461911386685,1461911386795
263,1461911387409,1461911387510
264,1461911388136,1461911388225
265,1461911388935,1461911388939
266,1461911389591,1461911389654
267,1461911390249,1461911390369
268,1461911390980,1461911391084
269,1461911391712,1461911391798
270,1461911392447,1461911392513
271,1461911393181,1461911393227
272,1461911393843,1461911393942
273,1461911394580,1461911394657
274,1461911395320,1461911395371
275,1461911395985,1461911396086
276,1461911396726,1461911396801
277,1461911397467,1461911397515
278,1461911398137,1461911398230
279,1461911398956,1461911398945
280,1461911399553,1461911399660
281,1461911400300,1461911400374
282,1461911401048,1461911401089
283,1461911401721,1461911401804
284,1461911402546,1461911402519
285,1461911403148,1461911403233
286,1461911403976,1461911403948
287,1461911404580,1461911404663
288,1461911405336,1461911405377
289,1461911406017,1461911406092
290,1461911406776,1461911406807
291,1461911407458,1461911407521
292,1461911408142,1461911408236
293,1461911408903,1461911408950
294,1461911409588,1461911409665
295,1461911410352,1461911410380
296,1461911411040,1461911411095
297,1461911411731,1461911411809
298,1461911412573,1461911412524
299,1461911413189,1461911413239
300,1461911413882,1461911413953
301,1461911414577,1461911414668
302,1461911415425,1461911415383
303,1461911416044,1461911416097
304,1461911416818,1461911416812
305,1461911417438,1461911417526
306,1461911418214,1461911418241
307,1461911418915,1461911418956
308,1461911419693,1461911419670
309,1461911420318,1461911420385
310,1461911421022,1461911421099
311,1461911421803,1461911421814
312,1461911422508,1461911422529
313,1461911423214,1461911423243
314,1461911423922,1461911423958
315,1461911424709,1461911424672
316,1461911425339,1461911425387
317,1461911426127,1461911426102
318,1461911426838,1461911426816
319,1461911427472,1461911427531
320,1461911428263,1461911428246
321,1461911428898,1461911428961
322,1461911429692,1461911429675
323,1461911430408,1461911430392
324,1461911431045,1461911431107
325,1461911431764,1461911431822
326,1461911432485,1461911432536
327,1461911433284,1461911433251
328,1461911433925,1461911433965
329,1461911434648,1461911434680
330,1461911435371,1461911435395
331,1461911436096,1461911436109
332,1461911436822,1461911436824
333,1461911437548,1461911437538
334,1461911438194,1461911438253
335,1461911438924,1461911438968
336,1461911439653,1461911439683
337,1461911440385,1461911440397
338,1461911441116,1461911441112
339,1461911441768,1461911441827
340,1461911442503,1461911442542
341,1461911443237,1461911443256
342,1461911443972,1461911443971
343,1461911444790,1461911444686
344,1461911445364,1461911445400
345,1461911446185,1461911446115
346,1461911446842,1461911446830
347,1461911447500,1461911447544
348,1461911448242,1461911448259
349,1461911448984,1461911448974
350,1461911449647,1461911449688
351,1461911450392,1461911450403
352,1461911451220,1461911451118
353,1461911451884,1461911451832
354,1461911452548,1461911452547
355,1461911453295,1461911453262
356,1461911453962,1461911453976
357,1461911454712,1461911454691
358,1461911455464,1461911455406
359,1461911456135,1461911456120
360,1461911456805,1461911456835
361,1461911457559,1461911457549
362,1461911458230,1461911458264
363,1461911458988,1461911458979
364,1461911459745,1461911459694
365,1461911460419,1461911460408
366,1461911461094,1461911461123
367,1461911461855,1461911461838
368,1461911462615,1461911462552
369,1461911463292,1461911463267
370,1461911464056,1461911463982
371,1461911464735,1461911464696
372,1461911465415,1461911465411
373,1461911466095,1461911466125
374,1461911466862,1461911466840
375,1461911467545,1461911467555
376,1461911468313,1461911468269
377,1461911468998,1461911468984
378,1461911469683,1461911469698
379,1461911470454,1461911470413
380,1461911471142,1461911471128
381,1461911471915,1461911471843
382,1461911472603,1461911472557
383,1461911473293,1461911473272
384,1461911473984,1461911473987
385,1461911474847,1461911474701
386,1461911475452,1461911475416
387,1461911476230,1461911476131
388,1461911476923,1461911476845
389,1461911477617,1461911477560
390,1461911478313,1461911478275
391,1461911479009,1461911478989
392,1461911479793,1461911479704
393,1461911480403,1461911480419
394,1461911481276,1461911481133
395,1461911481887,1461911481848
396,1461911482675,1461911482562
397,1461911483289,1461911483277
398,1461911483990,1461911483991
399,1461911484868,1461911484706
400,1461911485484,1461911485421
401,1461911486188,1461911486135
402,1461911486980,1461911486850
403,1461911487687,1461911487564
404,1461911488393,1461911488279
405,1461911489011,1461911488993
406,1461911489807,1461911489708
407,1461911490517,1461911490423
408,1461911491139,1461911491137
409,1461911491850,1461911491852
410,1461911492651,1461911492567
411,1461911493363,1461911493281
412,1461911494077,1461911493996
413,1461911494791,1461911494710
414,1461911495507,1461911495426
415,1461911496224,1461911496143
416,1461911497030,1461911496858
417,1461911497658,1461911497573
418,1461911498465,1461911498288
419,1461911499094,1461911499002
420,1461911499724,1461911499717
421,1461911500444,1461911500431
422,1461911501254,1461911501146
423,1461911501887,1461911501861
424,1461911502610,1461911502575
425,1461911503333,1461911503290
426,1461911504059,1461911504005
427,1461911504784,1461911504719
428,1461911505511,1461911505434
429,1461911506240,1461911506148
430,1461911506877,1461911506863
431,1461911507605,1461911507578
432,1461911508426,1461911508292
433,1461911509065,1461911509007
434,1461911509887,1461911509722
435,1461911510527,1461911510436
436,1461911511260,1461911511151
437,1461911511901,1461911511865
438,1461911512727,1461911512580
439,1461911513370,1461911513295
440,1461911514197,1461911514009
441,1461911514750,1461911514724
442,1461911515486,1461911515438
443,1461911516224,1461911516153
444,1461911517054,1461911516867
445,1461911517609,1461911517582
446,1461911518441,1461911518297
447,1461911519090,1461911519011
448,1461911519833,1461911519726
449,1461911520483,1461911520441
450,1461911521227,1461911521155
451,1461911521971,1461911521870
452,1461911522715,1461911522585
453,1461911523368,1461911523299
454,1461911524114,1461911524014
455,1461911524768,1461911524728
456,1461911525516,1461911525443
457,1461911526266,1461911526158
458,1461911526922,1461911526872
459,1461911527766,1461911527587
460,1461911528612,1461911528301
461,1461911529082,1461911529016
462,1461911529834,1461911529731
463,1461911530493,1461911530446
464,1461911531249,1461911531160
465,1461911532098,1461911531875
466,1461911532665,1461911532590
467,1461911533515,1461911533304
468,1461911534178,1461911534019
469,1461911534935,1461911534734
470,1461911535504,1461911535448
471,1461911536264,1461911536163
472,1461911536929,1461911536877
473,1461911537691,1461911537592
474,1461911538452,1461911538306
475,1461911539119,1461911539021
476,1461911539882,1461911539736
477,1461911540742,1461911540450
478,1461911541316,1461911541165
479,1461911541986,1461911541879
480,1461911542657,1461911542594
481,1461911543424,1461911543309
482,1461911544191,1461911544023
483,1461911544864,1461911544738
484,1461911545634,1461911545452
485,1461911546307,1461911546167
486,1461911546981,1461911546881
487,1461911547752,1461911547596
488,1461911548525,1461911548310
489,1461911549104,1461911549025
490,1461911549878,1461911549739
491,1461911550653,1461911550454
492,1461911551235,1461911551169
493,1461911552011,1461911551884
494,1461911552691,1461911552598
495,1461911553470,1461911553313
496,1461911554152,1461911554028
497,1461911554833,1461911554742
498,1461911555613,1461911555457
499,1461911556393,1461911556171