0,1461913780998,1461913783140
1,1461913783146,1461913783921
2,1461913783930,1461913784696
3,1461913784704,1461913785466
4,1461913785479,1461913786234
5,1461913786241,1461913787000
6,1461913787014,1461913787760
7,1461913787770,1461913788521
8,1461913788536,1461913789277
9,1461913789295,1461913790032
10,1461913790046,1461913790787
11,1461913790799,1461913791540
12,1461913791568,1461913792294
13,1461913792312,1461913793044
14,1461913793075,1461913793799
15,1461913793831,1461913794553
16,1461913794585,1461913795303
17,1461913795336,1461913796052
18,1461913796106,1461913796805
19,1461913796917,1461913797551
20,1461913797669,1461913798293
21,1461913798420,1461913799039
22,1461913799150,1461913799783
23,1461913799905,1461913800524
24,1461913800656,1461913801269
25,1461913801404,1461913802009
26,1461913802147,1461913802749
27,1461913802878,1461913803491
28,1461913803631,1461913804230
29,1461913804375,1461913804972
30,1461913805130,1461913805712
31,1461913805846,1461913806449
32,1461913806602,1461913807192
33,1461913807343,1461913807933
34,1461913808104,1461913808669
35,1461913808838,1461913809407
36,1461913809556,1461913810145
37,1461913810320,1461913810881
38,1461913811031,1461913811621
39,1461913811787,1461913812359
40,1461913812522,1461913813092
41,1461913813263,1461913813830
42,1461913814016,1461913814561
43,1461913814690,1461913815285
44,1461913815487,1461913816019
45,1461913816204,1461913816756
46,1461913816929,1461913817491
47,1461913817699,1461913818228
48,1461913818438,1461913818962
49,1461913819151,1461913819694
50,1461913819909,1461913820430
51,1461913820636,1461913821163
52,1461913821374,1461913821897
53,1461913822119,1461913822634
54,1461913822835,1461913823368
55,1461913823595,1461913824100
56,1461913824319,1461913824833
57,1461913825052,1461913825564
58,1461913825788,1461913826298
59,1461913826537,1461913827028
60,1461913827247,1461913827760
61,1461913828004,1461913828488
62,1461913828725,1461913829223
63,1461913829456,1461913829956
64,1461913830195,1461913830688
65,1461913830935,1461913831422
66,1461913831680,1461913832150
67,1461913832389,1461913832880
68,1461913833145,1461913833613
69,1461913833868,1461913834347
70,1461913834598,1461913835081
71,1461913835330,1461913835812
72,1461913836070,1461913836543
73,1461913836812,1461913837274
74,1461913837557,1461913838008
75,1461913838266,1461913838739
76,1461913839024,1461913839470
77,1461913839740,1461913840198
78,1461913840462,1461913840929
79,1461913841186,1461913841659
80,1461913841917,1461913842389
81,1461913842698,1461913843121
82,1461913843387,1461913843851
83,1461913844133,1461913844582
84,1461913844883,1461913845312
85,1461913845587,1461913846041
86,1461913846346,1461913846772
87,1461913847056,1461913847503
88,1461913847774,1461913848233
89,1461913848494,1461913848961
90,1461913849267,1461913849691
91,1461913849998,1461913850420
92,1461913850729,1461913851151
93,1461913851465,1461913851876
94,1461913852152,1461913852604
95,1461913852893,1461913853333
96,1461913853643,1461913854061
97,1461913854340,1461913854792
98,1461913855148,1461913855521
99,1461913855802,1461913856250
100,1461913856567,1461913856980
101,1461913857335,1461913857708
102,1461913857998,1461913858437
103,1461913858717,1461913859167
104,1461913859497,1461913859894
105,1461913860227,1461913860624
106,1461913860961,1461913861353
107,1461913861641,1461913862083
108,1461913862380,1461913862810
109,1461913863121,1461913863540
110,1461913863868,1461913864270
111,1461913864561,1461913864997
112,1461913865310,1461913865726
113,1461913866067,1461913866455
114,1461913866770,1461913867186
115,1461913867536,1461913867915
116,1461913868246,1461913868644
117,1461913868958,1461913869374
118,1461913869673,1461913870102
119,1461913870508,1461913870830
120,1461913871169,1461913871557
121,1461913871892,1461913872285
122,1461913872616,1461913873010
123,1461913873345,1461913873738
124,1461913874075,1461913874468
125,1461913874810,1461913875194
126,1461913875606,1461913875919
127,1461913876284,1461913876645
128,1461913876962,1461913877372
129,1461913877711,1461913878102
130,1461913878462,1461913878829
131,1461913879149,1461913879555
132,1461913879907,1461913880283
133,1461913880604,1461913881011
134,1461913881366,1461913881736
135,1461913882131,1461913882467
136,1461913882836,1461913883195
137,1461913883544,1461913883923
138,1461913884254,1461913884651
139,1461913885033,1461913885380
140,1461913885748,1461913886106
141,1461913886461,1461913886831
142,1461913887178,1461913887558
143,1461913887902,1461913888285
144,1461913888627,1461913889015
145,1461913889356,1461913889743
146,1461913890086,1461913890469
147,1461913890816,1461913891195
148,1461913891547,1461913891920
149,1461913892282,1461913892647
150,1461913893021,1461913893372
151,1461913893762,1461913894099
152,1461913894440,1461913894826
153,1461913895189,1461913895555
154,1461913895936,1461913896281
155,1461913896690,1461913897009
156,1461913897377,1461913897736
157,1461913898135,1461913898464
158,1461913898827,1461913899192
159,1461913899589,1461913899916
160,1461913900281,1461913900642
161,1461913901047,1461913901370
162,1461913901748,1461913902097
163,1461913902520,1461913902824
164,1461913903223,1461913903548
165,1461913903928,1461913904278
166,1461913904638,1461913905005
167,1461913905490,1461913905731
168,1461913906129,1461913906456
169,1461913906845,1461913907183
170,1461913907562,1461913907910
171,1461913908282,1461913908636
172,1461913909000,1461913909363
173,1461913909797,1461913910091
174,1461913910523,1461913910819
175,1461913911253,1461913911546
176,1461913911983,1461913912275
177,1461913912643,1461913913001
178,1461913913378,1461913913727
179,1461913914116,1461913914454
180,1461913914857,1461913915182
181,1461913915598,1461913915910
182,1461913916343,1461913916639
183,1461913917014,1461913917364
184,1461913917759,1461913918090
185,1461913918509,1461913918816
186,1461913919261,1461913919541
187,1461913919940,1461913920268
188,1461913920697,1461913920997
189,1461913921379,1461913921724
190,1461913922140,1461913922450
191,1461913922903,1461913923176
192,1461913923591,1461913923904
193,1461913924358,1461913924629
194,1461913925126,1461913925353
195,1461913925742,1461913926079
196,1461913926514,1461913926803
197,1461913927209,1461913927528
198,1461913927983,1461913928253
199,1461913928684,1461913928980
200,1461913929387,1461913929706
201,1461913930170,1461913930434
202,1461913930875,1461913931158
203,1461913931580,1461913931882
204,1461913932288,1461913932605
205,1461913933075,1461913933331
206,1461913933789,1461913934057
207,1461913934504,1461913934783
208,1461913935221,1461913935508
209,1461913935939,1461913936234
210,1461913936659,1461913936959
211,1461913937382,1461913937685
212,1461913938103,1461913938408
213,1461913938826,1461913939132
214,1461913939552,1461913939856
215,1461913940277,1461913940581
216,1461913941006,1461913941306
217,1461913941738,1461913942033
218,1461913942472,1461913942759
219,1461913943206,1461913943482
220,1461913943940,1461913944209
221,1461913944679,1461913944933
222,1461913945417,1461913945660
223,1461913946077,1461913946387
224,1461913946821,1461913947112
225,1461913947567,1461913947837
226,1461913948315,1461913948561
227,1461913948981,1461913949289
228,1461913949732,1461913950017
229,1461913950483,1461913950742
230,1461913951234,1461913951466
231,1461913951906,1461913952191
232,1461913952662,1461913952917
233,1461913953421,1461913953641
234,1461913954094,1461913954365
235,1461913954857,1461913955090
236,1461913955534,1461913955820
237,1461913956300,1461913956554
238,1461913956983,1461913957288
239,1461913957750,1461913958019
240,1461913958520,1461913958752
241,1461913959206,1461913959593
242,1461913960063,1461913960347
243,1461913960835,1461913961104
244,1461913961607,1461913961855
245,1461913962296,1461913962597
246,1461913963158,1461913963326
247,1461913963762,1461913964058
248,1461913964541,1461913964788
249,1461913965236,1461913965550
250,1461913966105,1461913966292
251,1461913966802,1461913967023
252,1461913967588,1461913967824
253,1461913968292,1461913968552
254,1461913968995,1461913969280
255,1461913969788,1461913970007
256,1461913970494,1461913970732
257,1461913971201,1461913971454
258,1461913971909,1461913972178
259,1461913972795,1461913972904
260,1461913973415,1461913973627
261,1461913974129,1461913974354
262,1461913974845,1461913975082
263,1461913975562,1461913975809
264,1461913976281,1461913976535
265,1461913977001,1461913977259
266,1461913977722,1461913977983
267,1461913978444,1461913978707
268,1461913979168,1461913979431
269,1461913979894,1461913980158
270,1461913980620,1461913980882
271,1461913981347,1461913981606
272,1461913982077,1461913982332
273,1461913982808,1461913983057
274,1461913983541,1461913983781
275,1461913984275,1461913984505
276,1461913985009,1461913985228
277,1461913985745,1461913985952
278,1461913986479,1461913986674
279,1461913987215,1461913987401
280,1461913987953,1461913988124
281,1461913988599,1461913988846
282,1461913989339,1461913989571
283,1461913990084,1461913990300
284,1461913990830,1461913991024
285,1461913991577,1461913991748
286,1461913992231,1461913992473
287,1461913992980,1461913993203
288,1461913993730,1461913993927
289,1461913994481,1461913994652
290,1461913995140,1461913995375
291,1461913995893,1461913996098
292,1461913996743,1461913996821
293,1461913997311,1461913997549
294,1461913998070,1461913998273
295,1461913998829,1461913998995
296,1461913999492,1461913999717
297,1461914000255,1461914000442
298,1461914000923,1461914001170
299,1461914001688,1461914001892
300,1461914002454,1461914002617
301,1461914003125,1461914003343
302,1461914003892,1461914004065
303,1461914004563,1461914004788
304,1461914005334,1461914005512
305,1461914006011,1461914006237
306,1461914006785,1461914006962
307,1461914007464,1461914007687
308,1461914008240,1461914008409
309,1461914008918,1461914009131
310,1461914009693,1461914009853
311,1461914010375,1461914010578
312,1461914011154,1461914011300
313,1461914011839,1461914012024
314,1461914012525,1461914012749
315,1461914013310,1461914013472
316,1461914013997,1461914014200
317,1461914014786,1461914014926
318,1461914015477,1461914015650
319,1461914016169,1461914016374
320,1461914016960,1461914017097
321,1461914017655,1461914017820
322,1461914018350,1461914018546
323,1461914019046,1461914019273
324,1461914019842,1461914019996
325,1461914020540,1461914020720
326,1461914021239,1461914021444
327,1461914022040,1461914022168
328,1461914022742,1461914022892
329,1461914023444,1461914023615
330,1461914024148,1461914024338
331,1461914024852,1461914025062
332,1461914025658,1461914025785
333,1461914026366,1461914026509
334,1461914027074,1461914027233
335,1461914027783,1461914027958
336,1461914028492,1461914028682
337,1461914029201,1461914029406
338,1461914030014,1461914030129
339,1461914030727,1461914030855
340,1461914031441,1461914031580
341,1461914032157,1461914032303
342,1461914032873,1461914033026
343,1461914033591,1461914033750
344,1461914034307,1461914034474
345,1461914035025,1461914035198
346,1461914035746,1461914035922
347,1461914036465,1461914036643
348,1461914037186,1461914037366
349,1461914037907,1461914038089
350,1461914038631,1461914038814
351,1461914039357,1461914039538
352,1461914040082,1461914040263
353,1461914040810,1461914040988
354,1461914041538,1461914041710
355,1461914042267,1461914042433
356,1461914042999,1461914043158
357,1461914043731,1461914043883
358,1461914044464,1461914044607
359,1461914045196,1461914045329
360,1461914045931,1461914046053
361,1461914046667,1461914046776
362,1461914047404,1461914047501
363,1461914048037,1461914048225
364,1461914048777,1461914048948
365,1461914049517,1461914049672
366,1461914050259,1461914050396
367,1461914051002,1461914051121
368,1461914051746,1461914051843
369,1461914052384,1461914052566
370,1461914053130,1461914053289
371,1461914053877,1461914054012
372,1461914054626,1461914054737
373,1461914055373,1461914055458
374,1461914056015,1461914056180
375,1461914056766,1461914056903
376,1461914057517,1461914057631
377,1461914058270,1461914058354
378,1461914058916,1461914059079
379,1461914059671,1461914059802
380,1461914060426,1461914060524
381,1461914061075,1461914061247
382,1461914061834,1461914061974
383,1461914062593,1461914062699
384,1461914063244,1461914063423
385,1461914064005,1461914064146
386,1461914064768,1461914064868
387,1461914065422,1461914065591
388,1461914066187,1461914066314
389,1461914066952,1461914067039
390,1461914067608,1461914067762
391,1461914068376,1461914068485
392,1461914069034,1461914069207
393,1461914069803,1461914069933
394,1461914070570,1461914070654
395,1461914071229,1461914071376
396,1461914072001,1461914072100
397,1461914072661,1461914072822
398,1461914073435,1461914073545
399,1461914074099,1461914074268
400,1461914074876,1461914074991
401,1461914075653,1461914075713
402,1461914076321,1461914076439
403,1461914077099,1461914077161
404,1461914077769,1461914077885
405,1461914078550,1461914078608
406,1461914079220,1461914079330
407,1461914079892,1461914080053
408,1461914080675,1461914080775
409,1461914081348,1461914081498
410,1461914082135,1461914082221
411,1461914082810,1461914082944
412,1461914083598,1461914083669
413,1461914084274,1461914084394
414,1461914085064,1461914085115
415,1461914085741,1461914085837
416,1461914086420,1461914086560
417,1461914087213,1461914087283
418,1461914087894,1461914088006
419,1461914088575,1461914088729
420,1461914089372,1461914089451
421,1461914090054,1461914090174
422,1461914090852,1461914090896
423,1461914091537,1461914091618
424,1461914092223,1461914092341
425,1461914093024,1461914093063
426,1461914093711,1461914093785
427,1461914094399,1461914094508
428,1461914095088,1461914095232
429,1461914095893,1461914095954
430,1461914096585,1461914096676
431,1461914097277,1461914097402
432,1461914098084,1461914098124
433,1461914098777,1461914098847
434,1461914099471,1461914099569
435,1461914100165,1461914100294
436,1461914100976,1461914101016
437,1461914101672,1461914101737
438,1461914102369,1461914102459
439,1461914103066,1461914103183
440,1461914103765,1461914103905
441,1461914104581,1461914104629
442,1461914105281,1461914105353
443,1461914105983,1461914106075
444,1461914106685,1461914106797
445,1461914107388,1461914107522
446,1461914108209,1461914108245
447,1461914108913,1461914108968
448,1461914109618,1461914109690
449,1461914110324,1461914110413
450,1461914111031,1461914111135
451,1461914111739,1461914111858
452,1461914112566,1461914112583
453,1461914113274,1461914113303
454,1461914113983,1461914114026
455,1461914114692,1461914114748
456,1461914115402,1461914115468
457,1461914116113,1461914116190
458,1461914116824,1461914116912
459,1461914117537,1461914117634
460,1461914118250,1461914118355
461,1461914118964,1461914119078
462,1461914119679,1461914119803
463,1461914120515,1461914120525
464,1461914121233,1461914121247
465,1461914121951,1461914121972
466,1461914122671,1461914122695
467,1461914123391,1461914123419
468,1461914124112,1461914124142
469,1461914124833,1461914124864
470,1461914125555,1461914125587
471,1461914126278,1461914126311
472,1461914127124,1461914127034
473,1461914127728,1461914127756
474,1461914128451,1461914128477
475,1461914129298,1461914129198
476,1461914129904,1461914129920
477,1461914130631,1461914130645
478,1461914131360,1461914131367
479,1461914132088,1461914132088
480,1461914132818,1461914132810
481,1461914133427,1461914133532
482,1461914134159,1461914134255
483,1461914134892,1461914134978
484,1461914135625,1461914135700
485,1461914136358,1461914136421
486,1461914137090,1461914137141
487,1461914137825,1461914137864
488,1461914138562,1461914138586
489,1461914139299,1461914139309
490,1461914140036,1461914140030
491,1461914140652,1461914140752
492,1461914141388,1461914141473
493,1461914142126,1461914142194
494,1461914142867,1461914142917
495,1461914143608,1461914143639
496,1461914144351,1461914144363
497,1461914145093,1461914145084
498,1461914145713,1461914145807
499,1461914146457,1461914146529
500,1461914147202,1461914147250