0,1461914325512,1461914328316
1,1461914328324,1461914329093
2,1461914329100,1461914329868
3,1461914329878,1461914330642
4,1461914330650,1461914331412
5,1461914331420,1461914332181
6,1461914332192,1461914332947
7,1461914332962,1461914333713
8,1461914333722,1461914334478
9,1461914334496,1461914335248
10,1461914335265,1461914336003
11,1461914336020,1461914336770
12,1461914336789,1461914337527
13,1461914337545,1461914338282
14,1461914338306,1461914339033
15,1461914339059,1461914339784
16,1461914339807,1461914340535
17,1461914340558,1461914341283
18,1461914341300,1461914342039
19,1461914342059,1461914342787
20,1461914342819,1461914343533
21,1461914343564,1461914344282
22,1461914344318,1461914345027
23,1461914345049,1461914345772
24,1461914345802,1461914346522
25,1461914346560,1461914347264
26,1461914347288,1461914348013
27,1461914348042,1461914348756
28,1461914348785,1461914349497
29,1461914349545,1461914350241
30,1461914350272,1461914350984
31,1461914351011,1461914351723
32,1461914351764,1461914352468
33,1461914352510,1461914353214
34,1461914353268,1461914353950
35,1461914353981,1461914354699
36,1461914354743,1461914355438
37,1461914355484,1461914356180
38,1461914356236,1461914356919
39,1461914356968,1461914357654
40,1461914357709,1461914358393
41,1461914358431,1461914359130
42,1461914359260,1461914359851
43,1461914359928,1461914360572
44,1461914360686,1461914361314
45,1461914361453,1461914362047
46,1461914362154,1461914362785
47,1461914362901,1461914363520
48,1461914363692,1461914364260
49,1461914364389,1461914364995
50,1461914365125,1461914365728
51,1461914365906,1461914366462
52,1461914366617,1461914367201
53,1461914367342,1461914367935
54,1461914368070,1461914368673
55,1461914368849,1461914369409
56,1461914369558,1461914370147
57,1461914370313,1461914370885
58,1461914371074,1461914371618
59,1461914371800,1461914372351
60,1461914372530,1461914373087
61,1461914373274,1461914373823
62,1461914374023,1461914374555
63,1461914374730,1461914375287
64,1461914375491,1461914376019
65,1461914376255,1461914376755
66,1461914376945,1461914377488
67,1461914377682,1461914378222
68,1461914378426,1461914378955
69,1461914379174,1461914379689
70,1461914379886,1461914380420
71,1461914380604,1461914381155
72,1461914381375,1461914381886
73,1461914382102,1461914382622
74,1461914382837,1461914383357
75,1461914383577,1461914384088
76,1461914384274,1461914384823
77,1461914385027,1461914385562
78,1461914385785,1461914386292
79,1461914386543,1461914387025
80,1461914387259,1461914387755
81,1461914387984,1461914388485
82,1461914388710,1461914389217
83,1461914389443,1461914389946
84,1461914390177,1461914390678
85,1461914390918,1461914391406
86,1461914391611,1461914392135
87,1461914392411,1461914392868
88,1461914393117,1461914393598
89,1461914393827,1461914394328
90,1461914394591,1461914395062
91,1461914395307,1461914395792
92,1461914396082,1461914396526
93,1461914396756,1461914397258
94,1461914397490,1461914397991
95,1461914398226,1461914398722
96,1461914398967,1461914399458
97,1461914399711,1461914400188
98,1461914400407,1461914400918
99,1461914401160,1461914401648
100,1461914401970,1461914402377
101,1461914402619,1461914403105
102,1461914403325,1461914403833
103,1461914404093,1461914404565
104,1461914404863,1461914405294
105,1461914405585,1461914406023
106,1461914406253,1461914406752
107,1461914406976,1461914407481
108,1461914407708,1461914408210
109,1461914408441,1461914408939
110,1461914409180,1461914409667
111,1461914409978,1461914410400
112,1461914410669,1461914411132
113,1461914411421,1461914411862
114,1461914412114,1461914412593
115,1461914412932,1461914413322
116,1461914413573,1461914414052
117,1461914414338,1461914414780
118,1461914415100,1461914415508
119,1461914415755,1461914416236
120,1461914416525,1461914416962
121,1461914417247,1461914417691
122,1461914418022,1461914418417
123,1461914418747,1461914419147
124,1461914419479,1461914419877
125,1461914420149,1461914420607
126,1461914420882,1461914421336
127,1461914421621,1461914422065
128,1461914422361,1461914422796
129,1461914423043,1461914423522
130,1461914423790,1461914424252
131,1461914424538,1461914424982
132,1461914425290,1461914425710
133,1461914426041,1461914426437
134,1461914426794,1461914427165
135,1461914427427,1461914427897
136,1461914428191,1461914428627
137,1461914428896,1461914429355
138,1461914429666,1461914430081
139,1461914430433,1461914430810
140,1461914431076,1461914431541
141,1461914431922,1461914432271
142,1461914432574,1461914432998
143,1461914433291,1461914433724
144,1461914434008,1461914434451
145,1461914434734,1461914435181
146,1461914435523,1461914435905
147,1461914436250,1461914436633
148,1461914436919,1461914437363
149,1461914437655,1461914438094
150,1461914438463,1461914438824
151,1461914439139,1461914439554
152,1461914439950,1461914440279
153,1461914440557,1461914441007
154,1461914441303,1461914441734
155,1461914442052,1461914442460
156,1461914442739,1461914443190
157,1461914443496,1461914443919
158,1461914444258,1461914444648
159,1461914444953,1461914445377
160,1461914445721,1461914446105
161,1461914446486,1461914446832
162,1461914447118,1461914447560
163,1461914447890,1461914448287
164,1461914448598,1461914449014
165,1461914449306,1461914449743
166,1461914450082,1461914450470
167,1461914450794,1461914451198
168,1461914451510,1461914451923
169,1461914452224,1461914452650
170,1461914452941,1461914453376
171,1461914453729,1461914454106
172,1461914454455,1461914454834
173,1461914455179,1461914455561
174,1461914455903,1461914456285
175,1461914456629,1461914457012
176,1461914457359,1461914457736
177,1461914458091,1461914458465
178,1461914458826,1461914459190
179,1461914459490,1461914459917
180,1461914460232,1461914460645
181,1461914460976,1461914461373
182,1461914461721,1461914462100
183,1461914462544,1461914462828
184,1461914463145,1461914463553
185,1461914463899,1461914464279
186,1461914464580,1461914465009
187,1461914465339,1461914465734
188,1461914466093,1461914466461
189,1461914466780,1461914467186
190,1461914467540,1461914467911
191,1461914468227,1461914468636
192,1461914468988,1461914469360
193,1461914469679,1461914470089
194,1461914470452,1461914470815
195,1461914471149,1461914471544
196,1461914471920,1461914472268
197,1461914472697,1461914472995
198,1461914473320,1461914473719
199,1461914474095,1461914474445
200,1461914474800,1461914475171
201,1461914475502,1461914475897
202,1461914476291,1461914476624
203,1461914477002,1461914477351
204,1461914477711,1461914478074
205,1461914478420,1461914478803
206,1461914479136,1461914479528
207,1461914479854,1461914480253
208,1461914480575,1461914480979
209,1461914481374,1461914481706
210,1461914482098,1461914482431
211,1461914482823,1461914483159
212,1461914483551,1461914483884
213,1461914484281,1461914484611
214,1461914485007,1461914485335
215,1461914485743,1461914486061
216,1461914486395,1461914486788
217,1461914487132,1461914487514
218,1461914487869,1461914488240
219,1461914488612,1461914488966
220,1461914489354,1461914489694
221,1461914490099,1461914490419
222,1461914490761,1461914491145
223,1461914491511,1461914491873
224,1461914492255,1461914492599
225,1461914493005,1461914493323
226,1461914493669,1461914494048
227,1461914494422,1461914494772
228,1461914495176,1461914495497
229,1461914495848,1461914496219
230,1461914496690,1461914496946
231,1461914497368,1461914497671
232,1461914498044,1461914498396
233,1461914498804,1461914499122
234,1461914499485,1461914499849
235,1461914500252,1461914500574
236,1461914500937,1461914501300
237,1461914501796,1461914502027
238,1461914502480,1461914502751
239,1461914503166,1461914503476
240,1461914503856,1461914504209
241,1461914504633,1461914504937
242,1461914505329,1461914505694
243,1461914506114,1461914506426
244,1461914506808,1461914507151
245,1461914507508,1461914507877
246,1461914508294,1461914508603
247,1461914508997,1461914509328
248,1461914509702,1461914510055
249,1461914510410,1461914510783
250,1461914511203,1461914511509
251,1461914511910,1461914512237
252,1461914512619,1461914512962
253,1461914513330,1461914513689
254,1461914514130,1461914514415
255,1461914514843,1461914515140
256,1461914515556,1461914515863
257,1461914516271,1461914516586
258,1461914516990,1461914517312
259,1461914517797,1461914518036
260,1461914518426,1461914518761
261,1461914519150,1461914519486
262,1461914519874,1461914520214
263,1461914520601,1461914520937
264,1461914521323,1461914521664
265,1461914522049,1461914522392
266,1461914522780,1461914523117
267,1461914523510,1461914523845
268,1461914524244,1461914524570
269,1461914524977,1461914525295
270,1461914525714,1461914526020
271,1461914526449,1461914526745
272,1461914527187,1461914527468
273,1461914527928,1461914528192
274,1461914528578,1461914528916
275,1461914529410,1461914529640
276,1461914530059,1461914530364
277,1461914530804,1461914531090
278,1461914531551,1461914531814
279,1461914532205,1461914532539
280,1461914532957,1461914533264
281,1461914533707,1461914533989
282,1461914534364,1461914534714
283,1461914535119,1461914535439
284,1461914535873,1461914536166
285,1461914536628,1461914536888
286,1461914537290,1461914537615
287,1461914538047,1461914538341
288,1461914538804,1461914539063
289,1461914539469,1461914539787
290,1461914540233,1461914540515
291,1461914540899,1461914541238
292,1461914541664,1461914541966
293,1461914542430,1461914542690
294,1461914543108,1461914543415
295,1461914543877,1461914544138
296,1461914544552,1461914544864
297,1461914545323,1461914545588
298,1461914546002,1461914546314
299,1461914546779,1461914547038
300,1461914547461,1461914547765
301,1461914548244,1461914548489
302,1461914548925,1461914549212
303,1461914549604,1461914549937
304,1461914550391,1461914550661
305,1461914551079,1461914551387
306,1461914551866,1461914552111
307,1461914552554,1461914552835
308,1461914553246,1461914553559
309,1461914554037,1461914554283
310,1461914554728,1461914555007
311,1461914555420,1461914555732
312,1461914556215,1461914556455
313,1461914556908,1461914557178
314,1461914557605,1461914557903
315,1461914558300,1461914558628
316,1461914559095,1461914559351
317,1461914559796,1461914560074
318,1461914560496,1461914560798
319,1461914561197,1461914561521
320,1461914562001,1461914562245
321,1461914562702,1461914562969
322,1461914563507,1461914563692
323,1461914564112,1461914564415
324,1461914564822,1461914565140
325,1461914565631,1461914565864
326,1461914566341,1461914566588
327,1461914567051,1461914567312
328,1461914567766,1461914568036
329,1461914568478,1461914568760
330,1461914569191,1461914569484
331,1461914569907,1461914570209
332,1461914570623,1461914570933
333,1461914571342,1461914571660
334,1461914572267,1461914572383
335,1461914572885,1461914573107
336,1461914573612,1461914573833
337,1461914574331,1461914574555
338,1461914575156,1461914575276
339,1461914575882,1461914576001
340,1461914576505,1461914576724
341,1461914577234,1461914577448
342,1461914577961,1461914578172
343,1461914578690,1461914578896
344,1461914579320,1461914579620
345,1461914580053,1461914580344
346,1461914580787,1461914581069
347,1461914581520,1461914581793
348,1461914582155,1461914582518
349,1461914583001,1461914583243
350,1461914583742,1461914583969
351,1461914584482,1461914584691
352,1461914585118,1461914585415
353,1461914585857,1461914586139
354,1461914586599,1461914586864
355,1461914587341,1461914587588
356,1461914588194,1461914588315
357,1461914588834,1461914589038
358,1461914589474,1461914589761
359,1461914590219,1461914590486
360,1461914590966,1461914591210
361,1461914591716,1461914591932
362,1461914592465,1461914592657
363,1461914593108,1461914593381
364,1461914593863,1461914594106
365,1461914594618,1461914594828
366,1461914595264,1461914595552
367,1461914596023,1461914596275
368,1461914596783,1461914596998
369,1461914597431,1461914597721
370,1461914598190,1461914598445
371,1461914598949,1461914599169
372,1461914599711,1461914599893
373,1461914600368,1461914600618
374,1461914601133,1461914601341
375,1461914601792,1461914602066
376,1461914602557,1461914602789
377,1461914603326,1461914603512
378,1461914603983,1461914604236
379,1461914604756,1461914604962
380,1461914605420,1461914605688
381,1461914606193,1461914606413
382,1461914606859,1461914607137
383,1461914607638,1461914607860
384,1461914608303,1461914608584
385,1461914609077,1461914609309
386,1461914609854,1461914610032
387,1461914610523,1461914610756
388,1461914611308,1461914611479
389,1461914611976,1461914612203
390,1461914612756,1461914612926
391,1461914613427,1461914613648
392,1461914614097,1461914614373
393,1461914614881,1461914615095
394,1461914615556,1461914615817
395,1461914616339,1461914616539
396,1461914617012,1461914617262
397,1461914617798,1461914617984
398,1461914618474,1461914618708
399,1461914619267,1461914619431
400,1461914619946,1461914620154
401,1461914620625,1461914620878
402,1461914621418,1461914621601
403,1461914622098,1461914622324
404,1461914622779,1461914623048
405,1461914623580,1461914623771
406,1461914624263,1461914624495
407,1461914625059,1461914625219
408,1461914625742,1461914625942
409,1461914626427,1461914626666
410,1461914627228,1461914627391
411,1461914627918,1461914628113
412,1461914628606,1461914628836
413,1461914629299,1461914629561
414,1461914630224,1461914630282
415,1461914630797,1461914631003
416,1461914631489,1461914631727
417,1461914632296,1461914632450
418,1461914632993,1461914633173
419,1461914633692,1461914633896
420,1461914634391,1461914634619
421,1461914635094,1461914635344
422,1461914636020,1461914636065
423,1461914636605,1461914636788
424,1461914637301,1461914637509
425,1461914637998,1461914638231
426,1461914638706,1461914638954
427,1461914639521,1461914639676
428,1461914640223,1461914640399
429,1461914640930,1461914641122
430,1461914641634,1461914641845
431,1461914642339,1461914642568
432,1461914643046,1461914643290
433,1461914643867,1461914644011
434,1461914644573,1461914644732
435,1461914645285,1461914645455
436,1461914645994,1461914646179
437,1461914646704,1461914646902
438,1461914647417,1461914647625
439,1461914648128,1461914648348
440,1461914648844,1461914649072
441,1461914649559,1461914649795
442,1461914650273,1461914650519
443,1461914651111,1461914651243
444,1461914651826,1461914651967
445,1461914652544,1461914652690
446,1461914653261,1461914653411
447,1461914653978,1461914654135
448,1461914654694,1461914654856
449,1461914655416,1461914655580
450,1461914656138,1461914656302
451,1461914656863,1461914657025
452,1461914657589,1461914657749
453,1461914658313,1461914658472
454,1461914659034,1461914659194
455,1461914659879,1461914659915
456,1461914660601,1461914660636
457,1461914661210,1461914661359
458,1461914661941,1461914662082
459,1461914662668,1461914662805
460,1461914663397,1461914663528
461,1461914664131,1461914664249
462,1461914664739,1461914664973
463,1461914665357,1461914665696
464,1461914666457,1461914666424
465,1461914666946,1461914667147
466,1461914667680,1461914667869
467,1461914668538,1461914668594
468,1461914669154,1461914669318
469,1461914670014,1461914670042
470,1461914670628,1461914670765
471,1461914671365,1461914671487
472,1461914671980,1461914672210
473,1461914672721,1461914672934
474,1461914673464,1461914673657
475,1461914674205,1461914674380
476,1461914674950,1461914675103
477,1461914675697,1461914675825
478,1461914676444,1461914676547
479,1461914677064,1461914677270
480,1461914677813,1461914677993
481,1461914678560,1461914678715
482,1461914679308,1461914679436
483,1461914680061,1461914680158
484,1461914680685,1461914680881
485,1461914681434,1461914681604
486,1461914682186,1461914682327
487,1461914682937,1461914683049
488,1461914683563,1461914683772
489,1461914684323,1461914684496
490,1461914685078,1461914685220
491,1461914685832,1461914685941
492,1461914686465,1461914686665
493,1461914687222,1461914687388
494,1461914687980,1461914688108
495,1461914688615,1461914688832
496,1461914689381,1461914689555
497,1461914690140,1461914690278
498,1461914690900,1461914691000
499,1461914691538,1461914691723
500,1461914692300,1461914692447
501,1461914693067,1461914693170
502,1461914693707,1461914693892
503,1461914694472,1461914694616
504,1461914695241,1461914695340
505,1461914695879,1461914696063
506,1461914696646,1461914696786
507,1461914697416,1461914697508
508,1461914698060,1461914698231
509,1461914698829,1461914698953
510,1461914699469,1461914699674
511,1461914700242,1461914700398
512,1461914701013,1461914701121
513,1461914701660,1461914701844
514,1461914702436,1461914702566
515,1461914703080,1461914703288
516,1461914703853,1461914704009
517,1461914704757,1461914704730
518,1461914705275,1461914705454
519,1461914706052,1461914706176
520,1461914706700,1461914706900
521,1461914707484,1461914707622
522,1461914708264,1461914708344
523,1461914708917,1461914709067
524,1461914709698,1461914709788
525,1461914710350,1461914710512
526,1461914711136,1461914711237
527,1461914711789,1461914711960
528,1461914712573,1461914712683
529,1461914713231,1461914713406
530,1461914714020,1461914714127
531,1461914714675,1461914714852
532,1461914715462,1461914715575
533,1461914716119,1461914716299
534,1461914716908,1461914717020
535,1461914717569,1461914717745
536,1461914718364,1461914718467
537,1461914718891,1461914719190
538,1461914719947,1461914719912
539,1461914720475,1461914720636
540,1461914721268,1461914721357
541,1461914721934,1461914722082
542,1461914722859,1461914722802
543,1461914723391,1461914723522
544,1461914724057,1461914724245
545,1461914724859,1461914724967
546,1461914725529,1461914725689
547,1461914726327,1461914726412
548,1461914726993,1461914727135
549,1461914727801,1461914727857
550,1461914728470,1461914728580
551,1461914729142,1461914729302
552,1461914729950,1461914730024
553,1461914730620,1461914730747
554,1461914731291,1461914731470
555,1461914732100,1461914732192
556,1461914732776,1461914732914
557,1461914733583,1461914733636
558,1461914734255,1461914734358
559,1461914734928,1461914735080
560,1461914735741,1461914735802
561,1461914736416,1461914736525
562,1461914737096,1461914737247
563,1461914737907,1461914737969
564,1461914738583,1461914738690
565,1461914739260,1461914739415
566,1461914739938,1461914740138
567,1461914740753,1461914740859
568,1461914741436,1461914741582
569,1461914742256,1461914742304
570,1461914742936,1461914743026
571,1461914743620,1461914743749
572,1461914744302,1461914744473
573,1461914745119,1461914745193
574,1461914745806,1461914745915
575,1461914746491,1461914746637
576,1461914747312,1461914747361
577,1461914748001,1461914748082
578,1461914748687,1461914748804
579,1461914749373,1461914749529
580,1461914750197,1461914750252
581,1461914750884,1461914750975
582,1461914751575,1461914751696
583,1461914752264,1461914752421
584,1461914753087,1461914753143
585,1461914753774,1461914753864
586,1461914754463,1461914754586
587,1461914755154,1461914755309
588,1461914755988,1461914756032
589,1461914756680,1461914756755
590,1461914757376,1461914757476
591,1461914758070,1461914758198
592,1461914758769,1461914758921
593,1461914759610,1461914759642
594,1461914760305,1461914760364
595,1461914761000,1461914761088
596,1461914761697,1461914761811
597,1461914762398,1461914762533
598,1461914763100,1461914763258
599,1461914763946,1461914763982
600,1461914764645,1461914764704
601,1461914765344,1461914765426
602,1461914766047,1461914766147
603,1461914766748,1461914766869
604,1461914767449,1461914767591
605,1461914768151,1461914768316
