0,1461914986850,1461914989128
1,1461914989134,1461914989925
2,1461914989937,1461914990718
3,1461914990723,1461914991508
4,1461914991518,1461914992298
5,1461914992305,1461914993082
6,1461914993094,1461914993865
7,1461914993875,1461914994645
8,1461914994661,1461914995425
9,1461914995435,1461914996201
10,1461914996213,1461914996982
11,1461914997000,1461914997758
12,1461914997779,1461914998536
13,1461914998560,1461914999314
14,1461914999333,1461915000084
15,1461915000110,1461915000856
16,1461915000875,1461915001627
17,1461915001658,1461915002394
18,1461915002417,1461915003166
19,1461915003187,1461915003937
20,1461915003961,1461915004702
21,1461915004734,1461915005472
22,1461915005492,1461915006239
23,1461915006275,1461915007005
24,1461915007042,1461915007766
25,1461915007803,1461915008525
26,1461915008558,1461915009286
27,1461915009318,1461915010048
28,1461915010072,1461915010806
29,1461915010840,1461915011567
30,1461915011606,1461915012325
31,1461915012363,1461915013085
32,1461915013109,1461915013845
33,1461915013876,1461915014604
34,1461915014632,1461915015359
35,1461915015398,1461915016120
36,1461915016157,1461915016879
37,1461915016930,1461915017633
38,1461915017684,1461915018390
39,1461915018425,1461915019143
40,1461915019174,1461915019900
41,1461915019943,1461915020657
42,1461915020690,1461915021411
43,1461915021444,1461915022166
44,1461915022213,1461915022919
45,1461915022954,1461915023677
46,1461915023716,1461915024431
47,1461915024481,1461915025180
48,1461915025219,1461915025938
49,1461915025973,1461915026693
50,1461915026733,1461915027443
51,1461915027498,1461915028196
52,1461915028239,1461915028948
53,1461915028991,1461915029698
54,1461915029819,1461915030453
55,1461915030553,1461915031204
56,1461915031332,1461915031969
57,1461915032083,1461915032720
58,1461915032871,1461915033469
59,1461915033589,1461915034219
60,1461915034353,1461915034970
61,1461915035127,1461915035720
62,1461915035907,1461915036468
63,1461915036609,1461915037219
64,1461915037362,1461915037967
65,1461915038118,1461915038716
66,1461915038884,1461915039462
67,1461915039614,1461915040214
68,1461915040352,1461915040961
69,1461915041139,1461915041710
70,1461915041884,1461915042458
71,1461915042631,1461915043205
72,1461915043347,1461915043955
73,1461915044114,1461915044705
74,1461915044888,1461915045455
75,1461915045668,1461915046202
76,1461915046401,1461915046950
77,1461915047147,1461915047698
78,1461915047851,1461915048446
79,1461915048651,1461915049191
80,1461915049412,1461915049943
81,1461915050179,1461915050691
82,1461915050903,1461915051437
83,1461915051628,1461915052184
84,1461915052412,1461915052929
85,1461915053149,1461915053676
86,1461915053894,1461915054420
87,1461915054641,1461915055169
88,1461915055397,1461915055914
89,1461915056109,1461915056663
90,1461915056877,1461915057411
91,1461915057659,1461915058160
92,1461915058383,1461915058908
93,1461915059164,1461915059656
94,1461915059902,1461915060402
95,1461915060639,1461915061151
96,1461915061384,1461915061899
97,1461915062135,1461915062650
98,1461915062840,1461915063398
99,1461915063654,1461915064144
100,1461915064368,1461915064889
101,1461915065132,1461915065633
102,1461915065903,1461915066378
103,1461915066623,1461915067123
104,1461915067351,1461915067873
105,1461915068134,1461915068617
106,1461915068871,1461915069366
107,1461915069614,1461915070110
108,1461915070353,1461915070861
109,1461915071100,1461915071603
110,1461915071849,1461915072350
111,1461915072602,1461915073095
112,1461915073361,1461915073839
113,1461915074126,1461915074585
114,1461915074834,1461915075331
115,1461915075608,1461915076073
116,1461915076320,1461915076819
117,1461915077101,1461915077562
118,1461915077821,1461915078307
119,1461915078608,1461915079053
120,1461915079334,1461915079800
121,1461915080070,1461915080542
122,1461915080810,1461915081287
123,1461915081552,1461915082035
124,1461915082299,1461915082780
125,1461915083051,1461915083522
126,1461915083800,1461915084268
127,1461915084556,1461915085010
128,1461915085316,1461915085753
129,1461915086012,1461915086497
130,1461915086775,1461915087244
131,1461915087549,1461915087986
132,1461915088193,1461915088730
133,1461915089025,1461915089472
134,1461915089740,1461915090220
135,1461915090527,1461915090965
136,1461915091249,1461915091708
137,1461915091970,1461915092451
138,1461915092760,1461915093193
139,1461915093424,1461915093938
140,1461915094227,1461915094682
141,1461915094964,1461915095428
142,1461915095702,1461915096170
143,1461915096384,1461915096915
144,1461915097204,1461915097663
145,1461915097953,1461915098408
146,1461915098708,1461915099154
147,1461915099466,1461915099899
148,1461915100228,1461915100644
149,1461915100918,1461915101387
150,1461915101686,1461915102132
151,1461915102456,1461915102877
152,1461915103159,1461915103621
153,1461915103936,1461915104363
154,1461915104709,1461915105103
155,1461915105342,1461915105849
156,1461915106197,1461915106594
157,1461915106911,1461915107336
158,1461915107557,1461915108080
159,1461915108420,1461915108826
160,1461915109142,1461915109568
161,1461915109795,1461915110313
162,1461915110593,1461915111057
163,1461915111328,1461915111802
164,1461915112063,1461915112549
165,1461915112799,1461915113293
166,1461915113542,1461915114038
167,1461915114287,1461915114781
168,1461915115107,1461915115525
169,1461915115852,1461915116267
170,1461915116525,1461915117008
171,1461915117348,1461915117749
172,1461915118024,1461915118493
173,1461915118780,1461915119236
174,1461915119541,1461915119978
175,1461915120229,1461915120724
176,1461915121069,1461915121464
177,1461915121833,1461915122208
178,1461915122521,1461915122950
179,1461915123289,1461915123691
180,1461915124059,1461915124431
181,1461915124749,1461915125169
182,1461915125524,1461915125911
183,1461915126227,1461915126652
184,1461915127009,1461915127395
185,1461915127716,1461915128139
186,1461915128427,1461915128881
187,1461915129219,1461915129623
188,1461915130014,1461915130362
189,1461915130651,1461915131105
190,1461915131446,1461915131844
191,1461915132159,1461915132586
192,1461915132963,1461915133330
193,1461915133690,1461915134072
194,1461915134411,1461915134811
195,1461915135134,1461915135553
196,1461915135939,1461915136293
197,1461915136591,1461915137033
198,1461915137399,1461915137774
199,1461915138053,1461915138516
200,1461915138872,1461915139259
201,1461915139533,1461915140001
202,1461915140359,1461915140743
203,1461915141020,1461915141485
204,1461915141848,1461915142226
205,1461915142515,1461915142968
206,1461915143346,1461915143710
207,1461915144011,1461915144450
208,1461915144841,1461915145191
209,1461915145600,1461915145931
210,1461915146190,1461915146676
211,1461915147041,1461915147418
212,1461915147720,1461915148160
213,1461915148570,1461915148900
214,1461915149248,1461915149642
215,1461915150017,1461915150384
216,1461915150786,1461915151126
217,1461915151471,1461915151869
218,1461915152158,1461915152611
219,1461915153024,1461915153352
220,1461915153715,1461915154096
221,1461915154412,1461915154839
222,1461915155107,1461915155584
223,1461915155897,1461915156326
224,1461915156686,1461915157067
225,1461915157468,1461915157805
226,1461915158167,1461915158547
227,1461915158961,1461915159288
228,1461915159666,1461915160027
229,1461915160373,1461915160769
230,1461915161167,1461915161507
231,1461915161875,1461915162250
232,1461915162673,1461915162988
233,1461915163382,1461915163732
234,1461915164094,1461915164470
235,1461915164898,1461915165210
236,1461915165618,1461915165951
237,1461915166246,1461915166697
238,1461915167055,1461915167436
239,1461915167864,1461915168177
240,1461915168499,1461915168918
241,1461915169318,1461915169660
242,1461915170048,1461915170403
243,1461915170777,1461915171142
244,1461915171507,1461915171885
245,1461915172239,1461915172629
246,1461915172977,1461915173369
247,1461915173713,1461915174110
248,1461915174547,1461915174852
249,1461915175291,1461915175593
250,1461915176035,1461915176335
251,1461915176782,1461915177079
252,1461915177434,1461915177819
253,1461915178277,1461915178559
254,1461915178934,1461915179299
255,1461915179685,1461915180041
256,1461915180340,1461915180781
257,1461915181181,1461915181519
258,1461915181931,1461915182260
259,1461915182690,1461915182998
260,1461915183349,1461915183739
261,1461915184201,1461915184478
262,1461915184772,1461915185222
263,1461915185540,1461915185962
264,1461915186398,1461915186703
265,1461915187165,1461915187441
266,1461915187832,1461915188181
267,1461915188608,1461915188923
268,1461915189279,1461915189665
269,1461915190051,1461915190403
270,1461915190822,1461915191148
271,1461915191596,1461915191888
272,1461915192279,1461915192628
273,1461915192960,1461915193368
274,1461915193838,1461915194108
275,1461915194523,1461915194848
276,1461915195298,1461915195584
277,1461915195982,1461915196323
278,1461915196765,1461915197060
279,1461915197458,1461915197803
280,1461915198243,1461915198544
281,1461915198935,1461915199284
282,1461915199724,1461915200023
283,1461915200321,1461915200765
284,1461915201117,1461915201502
285,1461915201815,1461915202244
286,1461915202708,1461915202983
287,1461915203409,1461915203725
288,1461915204208,1461915204466
289,1461915204908,1461915205204
290,1461915205609,1461915205944
291,1461915206313,1461915206684
292,1461915207021,1461915207424
293,1461915207828,1461915208164
294,1461915208538,1461915208903
295,1461915209348,1461915209642
296,1461915209959,1461915210384
297,1461915210880,1461915211123
298,1461915211493,1461915211865
299,1461915212309,1461915212605
300,1461915213024,1461915213349
301,1461915213743,1461915214086
302,1461915214561,1461915214823
303,1461915215274,1461915215560
304,1461915215889,1461915216301
305,1461915216718,1461915217041
306,1461915217544,1461915217781
307,1461915218172,1461915218525
308,1461915219002,1461915219262
309,1461915219730,1461915220003
310,1461915220454,1461915220741
311,1461915221184,1461915221480
312,1461915221815,1461915222220
313,1461915222549,1461915222959
314,1461915223387,1461915223700
315,1461915224120,1461915224439
316,1461915224856,1461915225177
317,1461915225595,1461915225917
318,1461915226439,1461915226657
319,1461915227176,1461915227397
320,1461915227813,1461915228136
321,1461915228555,1461915228875
322,1461915229301,1461915229617
323,1461915230042,1461915230356
324,1461915230786,1461915231095
325,1461915231425,1461915231834
326,1461915232176,1461915232574
327,1461915232931,1461915233313
328,1461915233686,1461915234053
329,1461915234544,1461915234796
330,1461915235300,1461915235535
331,1461915236054,1461915236273
332,1461915236702,1461915237011
333,1461915237461,1461915237752
334,1461915238218,1461915238493
335,1461915238979,1461915239233
336,1461915239738,1461915239973
337,1461915240395,1461915240713
338,1461915241156,1461915241453
339,1461915241919,1461915242193
340,1461915242573,1461915242932
341,1461915243445,1461915243669
342,1461915244108,1461915244408
343,1461915244882,1461915245147
344,1461915245655,1461915245887
345,1461915246435,1461915246625
346,1461915247095,1461915247363
347,1461915247865,1461915248099
348,1461915248640,1461915248837
349,1461915249304,1461915249574
350,1461915249974,1461915250313
351,1461915250752,1461915251052
352,1461915251419,1461915251789
353,1461915252195,1461915252525
354,1461915252871,1461915253264
355,1461915253766,1461915254003
356,1461915254438,1461915254740
357,1461915255108,1461915255479
358,1461915256009,1461915256215
359,1461915256684,1461915256951
360,1461915257475,1461915257689
361,1461915258044,1461915258428
362,1461915258950,1461915259166
363,1461915259629,1461915259906
364,1461915260308,1461915260644
365,1461915260989,1461915261384
366,1461915261900,1461915262120
367,1461915262473,1461915262859
368,1461915263380,1461915263595
369,1461915263949,1461915264334
370,1461915264864,1461915265072
371,1461915265555,1461915265812
372,1461915266243,1461915266550
373,1461915267048,1461915267290
374,1461915267743,1461915268027
375,1461915268434,1461915268765
376,1461915269240,1461915269506
377,1461915270050,1461915270244
378,1461915270634,1461915270983
379,1461915271448,1461915271725
380,1461915272257,1461915272463
381,1461915272952,1461915273202
382,1461915273764,1461915273941
383,1461915274347,1461915274679
384,1461915275050,1461915275419
385,1461915275871,1461915276158
386,1461915276573,1461915276898
387,1461915277279,1461915277638
388,1461915278100,1461915278376
389,1461915278926,1461915279115
390,1461915279634,1461915279853
391,1461915280227,1461915280591
392,1461915281056,1461915281329
393,1461915281769,1461915282067
394,1461915282600,1461915282806
395,1461915283318,1461915283544
396,1461915283911,1461915284284
397,1461915284858,1461915285020
398,1461915285455,1461915285758
399,1461915286289,1461915286499
400,1461915287011,1461915287237
401,1461915287608,1461915287976
402,1461915288446,1461915288714
403,1461915289282,1461915289453
404,1461915289881,1461915290193
405,1461915290602,1461915290932
406,1461915291324,1461915291672
407,1461915292050,1461915292412
408,1461915292893,1461915293153
409,1461915293737,1461915293892
410,1461915294344,1461915294630
411,1461915295189,1461915295367
412,1461915295796,1461915296103
413,1461915296644,1461915296839
414,1461915297252,1461915297577
415,1461915297980,1461915298316
416,1461915298711,1461915299054
417,1461915299442,1461915299792
418,1461915300177,1461915300531
419,1461915301032,1461915301271
420,1461915301766,1461915302012
421,1461915302502,1461915302751
422,1461915303360,1461915303491
423,1461915303976,1461915304228
424,1461915304719,1461915304965
425,1461915305456,1461915305703
426,1461915306201,1461915306441
427,1461915306946,1461915307181
428,1461915307569,1461915307920
429,1461915308435,1461915308658
430,1461915309060,1461915309396
431,1461915309931,1461915310135
432,1461915310682,1461915310874
433,1461915311308,1461915311613
434,1461915312059,1461915312351
435,1461915312935,1461915313088
436,1461915313684,1461915313826
437,1461915314312,1461915314562
438,1461915315064,1461915315299
439,1461915315809,1461915316039
440,1461915316566,1461915316775
441,1461915317318,1461915317514
442,1461915317948,1461915318252
443,1461915318706,1461915318989
444,1461915319460,1461915319728
445,1461915320218,1461915320465
446,1461915320976,1461915321203
447,1461915321739,1461915321940
448,1461915322492,1461915322676
449,1461915323256,1461915323414
450,1461915324020,1461915324150
451,1461915324654,1461915324885
452,1461915325419,1461915325623
453,1461915326178,1461915326360
454,1461915326817,1461915327099
455,1461915327718,1461915327835
456,1461915328228,1461915328574
457,1461915329249,1461915329309
458,1461915329891,1461915330046
459,1461915330533,1461915330783
460,1461915331304,1461915331521
461,1461915331953,1461915332259
462,1461915332853,1461915332997
463,1461915333500,1461915333734
464,1461915334276,1461915334472
465,1461915334924,1461915335211
466,1461915335700,1461915335947
467,1461915336353,1461915336688
468,1461915337134,1461915337426
469,1461915338047,1461915338164
470,1461915338695,1461915338903
471,1461915339351,1461915339641
472,1461915340132,1461915340377
473,1461915340918,1461915341115
474,1461915341577,1461915341852
475,1461915342488,1461915342587
476,1461915343010,1461915343326
477,1461915343930,1461915344065
478,1461915344721,1461915344802
479,1461915345251,1461915345540
480,1461915346169,1461915346280
481,1461915346694,1461915347017
482,1461915347609,1461915347752
483,1461915348396,1461915348488
484,1461915349058,1461915349225
485,1461915349718,1461915349962
486,1461915350507,1461915350698
487,1461915351169,1461915351436
488,1461915352095,1461915352172
489,1461915352625,1461915352910
490,1461915353554,1461915353647
491,1461915354223,1461915354385
492,1461915354888,1461915355123
493,1461915355560,1461915355861
494,1461915356493,1461915356596
495,1461915357032,1461915357334
496,1461915357833,1461915358071
497,1461915358642,1461915358809
498,1461915359316,1461915359546
499,1461915360126,1461915360287
500,1461915360935,1461915361024