0,1461842360917,1461842367446
1,1461842367507,1461842368182
2,1461842368263,1461842368917
3,1461842369006,1461842369640
4,1461842369749,1461842370371
5,1461842370494,1461842371080
6,1461842371202,1461842371790
7,1461842371926,1461842372498
8,1461842372625,1461842373207
9,1461842373355,1461842373916
10,1461842374065,1461842374634
11,1461842374786,1461842375358
12,1461842375514,1461842376069
13,1461842376229,1461842376778
14,1461842376958,1461842377490
15,1461842377682,1461842378205
16,1461842378398,1461842378915
17,1461842379121,1461842379655
18,1461842379871,1461842380377
19,1461842380603,1461842381107
20,1461842381322,1461842381828
21,1461842382059,1461842382552
22,1461842382761,1461842383273
23,1461842383517,1461842383988
24,1461842384228,1461842384710
25,1461842384939,1461842385423
26,1461842385699,1461842386131
27,1461842386392,1461842386838
28,1461842387118,1461842387546
29,1461842387815,1461842388261
30,1461842388548,1461842388971
31,1461842389248,1461842389683
32,1461842389958,1461842390401
33,1461842390702,1461842391108
34,1461842391389,1461842391815
35,1461842392109,1461842392524
36,1461842392755,1461842393239
37,1461842393469,1461842393953
38,1461842394200,1461842394668
39,1461842394941,1461842395383
40,1461842395643,1461842396098
41,1461842396356,1461842396813
42,1461842397103,1461842397527
43,1461842397806,1461842398242
44,1461842398519,1461842398957
45,1461842399242,1461842399672
46,1461842400002,1461842400386
47,1461842400687,1461842401101
48,1461842401410,1461842401816
49,1461842402113,1461842402531
50,1461842402852,1461842403248
51,1461842403570,1461842403963
52,1461842404297,1461842404678
53,1461842405002,1461842405393
54,1461842405713,1461842406108
55,1461842406434,1461842406823
56,1461842407160,1461842407538
57,1461842407863,1461842408254
58,1461842408605,1461842408969
59,1461842409353,1461842409684
60,1461842410043,1461842410399
61,1461842410707,1461842411114
62,1461842411477,1461842411829
63,1461842412186,1461842412543
64,1461842412901,1461842413258
65,1461842413659,1461842413973
66,1461842414351,1461842414688
67,1461842415083,1461842415403
68,1461842415789,1461842416118
69,1461842416534,1461842416833
70,1461842417215,1461842417548
71,1461842417935,1461842418263
72,1461842418663,1461842418978
73,1461842419357,1461842419693
74,1461842420094,1461842420408
75,1461842420802,1461842421122
76,1461842421474,1461842421837
77,1461842422229,1461842422551
78,1461842422987,1461842423266
79,1461842423675,1461842423981
80,1461842424406,1461842424697
81,1461842425104,1461842425412
82,1461842425805,1461842426127
83,1461842426552,1461842426841
84,1461842427263,1461842427556
85,1461842427978,1461842428271
86,1461842428698,1461842428985
87,1461842429528,1461842429692
88,1461842430163,1461842430399
89,1461842430877,1461842431106
90,1461842431554,1461842431812
91,1461842432317,1461842432519
92,1461842433001,1461842433225
93,1461842433769,1461842433932
94,1461842434500,1461842434639
95,1461842435232,1461842435345
96,1461842435887,1461842436052
97,1461842436586,1461842436759
98,1461842437328,1461842437467
99,1461842438075,1461842438174
100,1461842438823,1461842438880
101,1461842439490,1461842439587
102,1461842440077,1461842440294
103,1461842440874,1461842441001
104,1461842441634,1461842441708
105,1461842442270,1461842442414
106,1461842443077,1461842443121
107,1461842443717,1461842443828
108,1461842444445,1461842444536
109,1461842445219,1461842445242
110,1461842445867,1461842445949
111,1461842446603,1461842446656
112,1461842447343,1461842447362
113,1461842447997,1461842448069
114,1461842448699,1461842448776
115,1461842449488,1461842449482
116,1461842450148,1461842450189
117,1461842450857,1461842450896
118,1461842451610,1461842451602
119,1461842452234,1461842452309
120,1461842452950,1461842453016
121,1461842453756,1461842453723
122,1461842454430,1461842454429
123,1461842455107,1461842455136
124,1461842455788,1461842455843
125,1461842456559,1461842456550
126,1461842457242,1461842457256
127,1461842457928,1461842457963
128,1461842458662,1461842458670
129,1461842459352,1461842459376
130,1461842460090,1461842460083
131,1461842460785,1461842460790
132,1461842461481,1461842461496
133,1461842462226,1461842462203
134,1461842462930,1461842462910
135,1461842463586,1461842463617
136,1461842464291,1461842464325
137,1461842465046,1461842465032
138,1461842465663,1461842465739
139,1461842466423,1461842466446
140,1461842467136,1461842467152
141,1461842467853,1461842467859
142,1461842468526,1461842468566
143,1461842469245,1461842469272
144,1461842470063,1461842469979
145,1461842470645,1461842470686
146,1461842471372,1461842471392
147,1461842472151,1461842472099
148,1461842472737,1461842472806
149,1461842473567,1461842473513
150,1461842474203,1461842474219
151,1461842474992,1461842474926
152,1461842475633,1461842475632
153,1461842476325,1461842476339
154,1461842477117,1461842477046
155,1461842477715,1461842477752
156,1461842478462,1461842478459
157,1461842479162,1461842479166
158,1461842479964,1461842479873
159,1461842480568,1461842480579
160,1461842481372,1461842481286
161,1461842482029,1461842481993
162,1461842482738,1461842482699
163,1461842483400,1461842483406
164,1461842484265,1461842484112
165,1461842484929,1461842484819
166,1461842485543,1461842485526
167,1461842486312,1461842486233
168,1461842486930,1461842486941
169,1461842487656,1461842487648
170,1461842488379,1461842488354
171,1461842489156,1461842489061
172,1461842489781,1461842489770
173,1461842490459,1461842490477
174,1461842491241,1461842491183
175,1461842491975,1461842491890
176,1461842492659,1461842492597
177,1461842493343,1461842493303
178,1461842494081,1461842494010
179,1461842494772,1461842494717
180,1461842495462,1461842495423
181,1461842496207,1461842496130
182,1461842496899,1461842496837
183,1461842497647,1461842497543
184,1461842498343,1461842498250
185,1461842499041,1461842498956
186,1461842499743,1461842499663
187,1461842500445,1461842500370
188,1461842501095,1461842501076
189,1461842501799,1461842501783
190,1461842502560,1461842502490
191,1461842503215,1461842503197
192,1461842503979,1461842503903
193,1461842504690,1461842504610
194,1461842505403,1461842505317
195,1461842506119,1461842506024
196,1461842506780,1461842506731
197,1461842507552,1461842507437
198,1461842508274,1461842508144
199,1461842508939,1461842508851
200,1461842509660,1461842509557
201,1461842510384,1461842510264
202,1461842511111,1461842510973
203,1461842511783,1461842511680
204,1461842512513,1461842512386
205,1461842513132,1461842513093
206,1461842513975,1461842513800
207,1461842514595,1461842514507
208,1461842515331,1461842515213
209,1461842516012,1461842515920
210,1461842516750,1461842516627
211,1461842517490,1461842517333
212,1461842518175,1461842518040
213,1461842518806,1461842518747
214,1461842519607,1461842519454
215,1461842520239,1461842520160
216,1461842520988,1461842520867
217,1461842521623,1461842521574
218,1461842522376,1461842522281
219,1461842523186,1461842522987
220,1461842523825,1461842523694
221,1461842524523,1461842524401
222,1461842525282,1461842525107
223,1461842525982,1461842525814
224,1461842526687,1461842526521
225,1461842527448,1461842527228
226,1461842528094,1461842527935
227,1461842528742,1461842528641
228,1461842529570,1461842529348
229,1461842530222,1461842530055
230,1461842530930,1461842530761
231,1461842531643,1461842531468
232,1461842532358,1461842532175
233,1461842533074,1461842532882
234,1461842533731,1461842533588
235,1461842534447,1461842534295
236,1461842535108,1461842535002
237,1461842535772,1461842535709
238,1461842536555,1461842536416
239,1461842537279,1461842537123
240,1461842537944,1461842537830
241,1461842538731,1461842538537
242,1461842539339,1461842539244
243,1461842540189,1461842539950
244,1461842540859,1461842540657
245,1461842541592,1461842541363
246,1461842542143,1461842542070
247,1461842542938,1461842542776
248,1461842543614,1461842543483
249,1461842544352,1461842544190
250,1461842545091,1461842544896
251,1461842545768,1461842545603
252,1461842546511,1461842546310
253,1461842547255,1461842547016
254,1461842547938,1461842547723
255,1461842548621,1461842548430
256,1461842549365,1461842549136
257,1461842550053,1461842549843
258,1461842550678,1461842550550
259,1461842551494,1461842551256
260,1461842552245,1461842551963
261,1461842552811,1461842552670
262,1461842553505,1461842553376
263,1461842554199,1461842554083
264,1461842555021,1461842554789
265,1461842555717,1461842555496
266,1461842556415,1461842556203
267,1461842557178,1461842556909
268,1461842557813,1461842557616
269,1461842558516,1461842558323
270,1461842559219,1461842559029
271,1461842559987,1461842559736
272,1461842560691,1461842560443
273,1461842561396,1461842561149
274,1461842562039,1461842561856
275,1461842562878,1461842562562
276,1461842563460,1461842563269
277,1461842564170,1461842563976
278,1461842564882,1461842564683
279,1461842565595,1461842565389
280,1461842566116,1461842566098
281,1461842566961,1461842566805
282,1461842567742,1461842567511
283,1461842568524,1461842568218
284,1461842569115,1461842568925
285,1461842569838,1461842569631
286,1461842570494,1461842570338
287,1461842571348,1461842571045
288,1461842572009,1461842571751
289,1461842572668,1461842572458
290,1461842573330,1461842573164
291,1461842574059,1461842573871
292,1461842574854,1461842574578
293,1461842575586,1461842575284
294,1461842576318,1461842575991
295,1461842576917,1461842576698
296,1461842577653,1461842577404
297,1461842578456,1461842578111
298,1461842579055,1461842578818
299,1461842579795,1461842579524
300,1461842580333,1461842580231
301,1461842581141,1461842580938
302,1461842581882,1461842581644
303,1461842582621,1461842582351
304,1461842583366,1461842583058
305,1461842583908,1461842583764
306,1461842584655,1461842584471
307,1461842585401,1461842585178
308,1461842586149,1461842585884
309,1461842586897,1461842586591
310,1461842587377,1461842587298
311,1461842588196,1461842588004
312,1461842589017,1461842588711
313,1461842589702,1461842589417
314,1461842590324,1461842590124
315,1461842591079,1461842590831
316,1461842591771,1461842591539
317,1461842592533,1461842592246
318,1461842593155,1461842592953
319,1461842593915,1461842593660
320,1461842594677,1461842594366
321,1461842595372,1461842595073
322,1461842595997,1461842595779
323,1461842596695,1461842596488
324,1461842597461,1461842597195
325,1461842598159,1461842597901
326,1461842598858,1461842598608
327,1461842599628,1461842599314
328,1461842600189,1461842600021
329,1461842600964,1461842600727
330,1461842601667,1461842601434
331,1461842602370,1461842602141
332,1461842603074,1461842602847
333,1461842603782,1461842603554
334,1461842604489,1461842604260
335,1461842605199,1461842604967
336,1461842605906,1461842605673
337,1461842606616,1461842606380
338,1461842607328,1461842607087
339,1461842608042,1461842607793
340,1461842608756,1461842608500
341,1461842609470,1461842609206
342,1461842610187,1461842609913
343,1461842610904,1461842610619
344,1461842611622,1461842611326
345,1461842612270,1461842612033
346,1461842613062,1461842612739
347,1461842613709,1461842613446
348,1461842614507,1461842614152
349,1461842615229,1461842614859
350,1461842615809,1461842615565
351,1461842616533,1461842616272
352,1461842617331,1461842616978
353,1461842617984,1461842617685
354,1461842618788,1461842618391
355,1461842619371,1461842619098
356,1461842620174,1461842619805
357,1461842620831,1461842620511
358,1461842621563,1461842621218
359,1461842622297,1461842621924
360,1461842622886,1461842622631
361,1461842623692,1461842623338
362,1461842624429,1461842624044
363,1461842625017,1461842624751
364,1461842625684,1461842625457
365,1461842626424,1461842626164
366,1461842627237,1461842626871
367,1461842627902,1461842627577
368,1461842628573,1461842628284
369,1461842629390,1461842628993
370,1461842629985,1461842629700
371,1461842630729,1461842630406
372,1461842631400,1461842631113
373,1461842632221,1461842631820
374,1461842632821,1461842632526
375,1461842633644,1461842633233
376,1461842634320,1461842633940
377,1461842634919,1461842634646
378,1461842635671,1461842635353
379,1461842636425,1461842636059
380,1461842637180,1461842636766
381,1461842637857,1461842637473
382,1461842638536,1461842638179
383,1461842639068,1461842638886
384,1461842639979,1461842639592
385,1461842640587,1461842640299
386,1461842641270,1461842641005
387,1461842642031,1461842641712
388,1461842642792,1461842642419
389,1461842643481,1461842643126
390,1461842644091,1461842643832
391,1461842644855,1461842644539
392,1461842645544,1461842645246
393,1461842646311,1461842645952
394,1461842647076,1461842646659
395,1461842647692,1461842647365
396,1461842648386,1461842648072
397,1461842649079,1461842648779
398,1461842649929,1461842649485
399,1461842650548,1461842650192
400,1461842651242,1461842650902
401,1461842652015,1461842651620
402,1461842652635,1461842652347
403,1461842653336,1461842653079
404,1461842654115,1461842653789
405,1461842654814,1461842654516
406,1461842655595,1461842655238
407,1461842656145,1461842655955
408,1461842656924,1461842656669
409,1461842657630,1461842657379
410,1461842658414,1461842658086
411,1461842659046,1461842658797
412,1461842659751,1461842659507
413,1461842660538,1461842660218
414,1461842661484,1461842660928
415,1461842661959,1461842661638
416,1461842662590,1461842662345
417,1461842663457,1461842663053
418,1461842664169,1461842663765
419,1461842664804,1461842664473
420,1461842665517,1461842665180
421,1461842666154,1461842665886
422,1461842666951,1461842666593
423,1461842667664,1461842667300
424,1461842668462,1461842668007
425,1461842669101,1461842668714
426,1461842669820,1461842669420
427,1461842670460,1461842670127
428,1461842671177,1461842670834
429,1461842672058,1461842671540
430,1461842672622,1461842672247
431,1461842673188,1461842672957
432,1461842674070,1461842673665
433,1461842674634,1461842674373
434,1461842675284,1461842675094
435,1461842675934,1461842675813
436,1461842676591,1461842676528
437,1461842677411,1461842677243
438,1461842678067,1461842677958
439,1461842678880,1461842678669
440,1461842679775,1461842679376
441,1461842680429,1461842680083
442,1461842681081,1461842680789
443,1461842681896,1461842681496
444,1461842682553,1461842682203
445,1461842683287,1461842682912
446,1461842684024,1461842683619
447,1461842684681,1461842684325
448,1461842685340,1461842685032
449,1461842686080,1461842685739
450,1461842686738,1461842686446
451,1461842687480,1461842687152
452,1461842688304,1461842687859
453,1461842688802,1461842688566
454,1461842689710,1461842689273
455,1461842690373,1461842689980
456,1461842691119,1461842690687
457,1461842691779,1461842691394
458,1461842692445,1461842692100
459,1461842693195,1461842692807
460,1461842693860,1461842693513
461,1461842694609,1461842694220
462,1461842695360,1461842694927
463,1461842696028,1461842695633
464,1461842696779,1461842696340
465,1461842697368,1461842697046
466,1461842698038,1461842697753
467,1461842698793,1461842698460
468,1461842699631,1461842699167
469,1461842700557,1461842699874
470,1461842700979,1461842700580
471,1461842701653,1461842701293
472,1461842702329,1461842701999
473,1461842703173,1461842702706
474,1461842703847,1461842703413
475,1461842704440,1461842704119
476,1461842705203,1461842704826
477,1461842705880,1461842705533
478,1461842706646,1461842706239
479,1461842707495,1461842706946
480,1461842708088,1461842707653
481,1461842708768,1461842708359
482,1461842709621,1461842709066
483,1461842710050,1461842709773
484,1461842710901,1461842710480
485,1461842711670,1461842711186
486,1461842712443,1461842711893
487,1461842712954,1461842712600
488,1461842713643,1461842713306
489,1461842714416,1461842714013
490,1461842715188,1461842714720
491,1461842715961,1461842715427
492,1461842716567,1461842716134
493,1461842717428,1461842716841
494,1461842717861,1461842717547
495,1461842718725,1461842718254
496,1461842719416,1461842718961
497,1461842720108,1461842719667
498,1461842720887,1461842720374
499,1461842721582,1461842721081
500,1461842722276,1461842721787