0,0,864,1461916330149
0,1,1669,1461916330955
0,2,2471,1461916331756
0,3,3269,1461916332554
0,4,4068,1461916333353
0,5,4863,1461916334148
0,6,5661,1461916334946
0,7,6451,1461916335736
0,8,7249,1461916336534
0,9,8040,1461916337325
0,10,8831,1461916338116
0,11,9619,1461916338904
0,12,10405,1461916339690
0,13,11186,1461916340471
0,14,11975,1461916341260
0,15,12760,1461916342045
0,16,13545,1461916342830
0,17,14324,1461916343609
0,18,15103,1461916344388
0,19,15884,1461916345169
0,20,16666,1461916345951
0,21,17441,1461916346726
0,22,18216,1461916347502
0,23,18993,1461916348278
0,24,19767,1461916349053
0,25,20544,1461916349829
0,26,21322,1461916350607
0,27,22098,1461916351383
0,28,22867,1461916352152
0,29,23640,1461916352925
0,30,24412,1461916353698
0,31,25184,1461916354469
0,32,25954,1461916355240
0,33,26726,1461916356011
0,34,27501,1461916356786
0,35,28272,1461916357557
0,36,29039,1461916358325
0,37,29811,1461916359096
0,38,30580,1461916359866
0,39,31347,1461916360633
0,40,32116,1461916361401
0,41,32889,1461916362174
0,42,33643,1461916362929
0,43,34380,1461916363665
0,44,35117,1461916364402
0,45,35861,1461916365147
0,46,36605,1461916365890
0,47,37344,1461916366629
0,48,38081,1461916367366
0,49,38823,1461916368108
0,50,39565,1461916368850
0,51,40301,1461916369586
0,52,41055,1461916370340
0,53,41799,1461916371084
0,54,42536,1461916371822
0,55,43272,1461916372557
0,56,44017,1461916373302
0,57,44754,1461916374039
0,58,45497,1461916374783
0,59,46237,1461916375522
0,60,46977,1461916376263
0,61,47719,1461916377005
0,62,48461,1461916377746
0,63,49205,1461916378490
0,64,49952,1461916379237
0,65,50688,1461916379973
0,66,51437,1461916380722
0,67,52173,1461916381458
0,68,52923,1461916382208
0,69,53670,1461916382955
0,70,54412,1461916383697
0,71,55149,1461916384434
0,72,55898,1461916385183
0,73,56636,1461916385921
0,74,57379,1461916386664
0,75,58118,1461916387403
0,76,58858,1461916388144
0,77,59598,1461916388883
0,78,60338,1461916389623
0,79,61075,1461916390360
0,80,61817,1461916391102
0,81,62563,1461916391848
0,82,63303,1461916392588
0,83,64042,1461916393327
0,84,64788,1461916394073
0,85,65524,1461916394810
0,86,66263,1461916395548
0,87,67001,1461916396287
0,88,67751,1461916397037
0,89,68492,1461916397777
0,90,69231,1461916398516
0,91,69967,1461916399252
0,92,70709,1461916399994
0,93,71455,1461916400740
0,94,72200,1461916401485
0,95,72948,1461916402233
0,96,73685,1461916402971
0,97,74425,1461916403710
0,98,75165,1461916404450
0,99,75903,1461916405188
0,100,76647,1461916405932
0,101,77384,1461916406669
0,102,78126,1461916407411
0,103,78870,1461916408155
0,104,79607,1461916408892
0,105,80355,1461916409641
0,106,81098,1461916410383
0,107,81843,1461916411128
0,108,82589,1461916411874
0,109,83327,1461916412612
0,110,84067,1461916413352
0,111,84814,1461916414099
0,112,85560,1461916414846
0,113,86305,1461916415591
0,114,87043,1461916416328
0,115,87783,1461916417068
0,116,88521,1461916417806
0,117,89260,1461916418545
0,118,89996,1461916419281
0,119,90736,1461916420021
0,120,91472,1461916420757
0,121,92208,1461916421494
0,122,92951,1461916422236
0,123,93694,1461916422979
0,124,94432,1461916423717
0,125,95170,1461916424455
0,126,95906,1461916425191
0,127,96649,1461916425934
0,128,97386,1461916426671
0,129,98124,1461916427409
0,130,98863,1461916428148
0,131,99607,1461916428892
0,132,100344,1461916429630
0,133,101086,1461916430371
0,134,101827,1461916431112
0,135,102563,1461916431848
0,136,103300,1461916432585
0,137,104038,1461916433323
0,138,104775,1461916434060
0,139,105512,1461916434797
0,140,106254,1461916435540
0,141,106992,1461916436277
0,142,107731,1461916437016
0,143,108477,1461916437762
0,144,109213,1461916438499
0,145,109953,1461916439238
0,146,110689,1461916439974
0,147,111426,1461916440711
0,148,112162,1461916441448
0,149,112900,1461916442186
0,150,113640,1461916442925
0,151,114376,1461916443662
0,152,115112,1461916444398
0,153,115849,1461916445134
0,154,116589,1461916445874
0,155,117331,1461916446616
0,156,118070,1461916447355
0,157,118806,1461916448091
0,158,119542,1461916448828
0,159,120284,1461916449569
0,160,121022,1461916450307
0,161,121761,1461916451046
0,162,122502,1461916451787
0,163,123238,1461916452523
0,164,123976,1461916453262
0,165,124713,1461916453998
0,166,125452,1461916454737
0,167,126190,1461916455475
0,168,126927,1461916456213
0,169,127664,1461916456950
0,170,128407,1461916457692
0,171,129143,1461916458429
0,172,129884,1461916459169
0,173,130621,1461916459906
0,174,131359,1461916460644
0,175,132097,1461916461382
0,176,132835,1461916462120
0,177,133571,1461916462856
0,178,134309,1461916463594
0,179,135047,1461916464332
0,180,135783,1461916465068
0,181,136520,1461916465805
0,182,137257,1461916466542
0,183,137996,1461916467281
0,184,138733,1461916468018
0,185,139474,1461916468759
0,186,140211,1461916469497
0,187,140950,1461916470235
0,188,141688,1461916470973
0,189,142427,1461916471712
0,190,143168,1461916472453
0,191,143905,1461916473190
0,192,144643,1461916473928
0,193,145380,1461916474666
0,194,146117,1461916475403
0,195,146854,1461916476139
0,196,147591,1461916476876
0,197,148330,1461916477615
0,198,149072,1461916478357
0,199,149813,1461916479098
0,200,150549,1461916479834
0,201,151288,1461916480574
0,202,152032,1461916481318
0,203,152773,1461916482059
0,204,153513,1461916482799
0,205,154252,1461916483538
0,206,154989,1461916484274
0,207,155730,1461916485016
0,208,156470,1461916485756
0,209,157210,1461916486496
0,210,157950,1461916487235
0,211,158688,1461916487973
0,212,159427,1461916488712
0,213,160167,1461916489452
0,214,160906,1461916490192
0,215,161645,1461916490930
0,216,162383,1461916491669
0,217,163123,1461916492408
0,218,163859,1461916493145
0,219,164599,1461916493884
0,220,165335,1461916494620
0,221,166074,1461916495359
0,222,166811,1461916496096
0,223,167548,1461916496833
0,224,168287,1461916497573
0,225,169026,1461916498311
0,226,169763,1461916499048
0,227,170504,1461916499789
0,228,171242,1461916500527
0,229,171982,1461916501267
0,230,172723,1461916502008
0,231,173464,1461916502749
0,232,174204,1461916503489
0,233,174944,1461916504229
0,234,175681,1461916504966
0,235,176419,1461916505704
0,236,177159,1461916506444
0,237,177898,1461916507184
0,238,178640,1461916507925
0,239,179376,1461916508661
0,240,180114,1461916509400
0,241,180851,1461916510136
0,242,181590,1461916510875
0,243,182331,1461916511616
0,244,183071,1461916512356
0,245,183807,1461916513092
0,246,184543,1461916513829
0,247,185280,1461916514565
0,248,186018,1461916515303
0,249,186754,1461916516039
0,250,187491,1461916516776
0,251,188227,1461916517512
0,252,188965,1461916518251
0,253,189705,1461916518990
0,254,190444,1461916519729
0,255,191181,1461916520466
0,256,191919,1461916521204
0,257,192659,1461916521944
0,258,193399,1461916522684
0,259,194138,1461916523423
0,260,194875,1461916524160
0,261,195612,1461916524897
0,262,196353,1461916525638
0,263,197097,1461916526382
0,264,197836,1461916527121
0,265,198574,1461916527860
0,266,199314,1461916528600
0,267,200055,1461916529340
0,268,200792,1461916530077
0,269,201531,1461916530816
0,270,202268,1461916531553
0,271,203005,1461916532291
0,272,203742,1461916533027
0,273,204479,1461916533764
0,274,205216,1461916534501
0,275,205954,1461916535239
0,276,206690,1461916535976
0,277,207430,1461916536715
0,278,208170,1461916537455
0,279,208909,1461916538194
0,280,209647,1461916538932
0,281,210386,1461916539671
0,282,211122,1461916540408
0,283,211859,1461916541144
0,284,212599,1461916541885
0,285,213338,1461916542623
0,286,214075,1461916543361
0,287,214814,1461916544099
0,288,215551,1461916544837
0,289,216287,1461916545573
0,290,217027,1461916546312
0,291,217767,1461916547052
0,292,218506,1461916547791
0,293,219246,1461916548531
0,294,219982,1461916549268
0,295,220721,1461916550006
0,296,221464,1461916550749
0,297,222203,1461916551488
0,298,222940,1461916552225
0,299,223678,1461916552964
0,300,224418,1461916553703
0,301,225155,1461916554440
0,302,225892,1461916555178
0,303,226632,1461916555917
0,304,227372,1461916556657
0,305,228109,1461916557395
0,306,228846,1461916558132
0,307,229583,1461916558868
0,308,230323,1461916559608
0,309,231060,1461916560345
0,310,231798,1461916561083
0,311,232535,1461916561820
0,312,233275,1461916562560
0,313,234014,1461916563299
0,314,234750,1461916564036
0,315,235490,1461916564775
0,316,236230,1461916565515
0,317,236967,1461916566253
0,318,237707,1461916566992
0,319,238443,1461916567729
0,320,239182,1461916568467
0,321,239921,1461916569206
0,322,240661,1461916569946
0,323,241397,1461916570682
0,324,242137,1461916571422
0,325,242873,1461916572158
0,326,243611,1461916572897
0,327,244350,1461916573635
0,328,245089,1461916574374
0,329,245828,1461916575114
0,330,246565,1461916575850
0,331,247305,1461916576590
0,332,248042,1461916577328
0,333,248779,1461916578064
0,334,249516,1461916578801
0,335,250253,1461916579539
0,336,250991,1461916580276
0,337,251728,1461916581013
0,338,252465,1461916581750
0,339,253202,1461916582487
0,340,253938,1461916583224
0,341,254679,1461916583964
0,342,255418,1461916584703
0,343,256158,1461916585443
0,344,256895,1461916586180
0,345,257632,1461916586917
0,346,258371,1461916587656
0,347,259110,1461916588395
0,348,259848,1461916589133
0,349,260586,1461916589872
0,350,261325,1461916590610
0,351,262065,1461916591350
0,352,262802,1461916592087
0,353,263539,1461916592824
0,354,264277,1461916593562
0,355,265014,1461916594299
0,356,265752,1461916595037
0,357,266490,1461916595775
0,358,267229,1461916596514
0,359,267968,1461916597253
0,360,268707,1461916597992
0,361,269443,1461916598728
0,362,270181,1461916599466
0,363,270919,1461916600204
0,364,271655,1461916600940
0,365,272391,1461916601677
0,366,273128,1461916602413
0,367,273865,1461916603150
0,368,274601,1461916603886
0,369,275338,1461916604623
0,370,276075,1461916605360
0,371,276814,1461916606100
0,372,277556,1461916606841
0,373,278294,1461916607580
0,374,279030,1461916608316
0,375,279767,1461916609053
0,376,280504,1461916609789
0,377,281243,1461916610528
0,378,281983,1461916611268
0,379,282722,1461916612007
0,380,283461,1461916612746
0,381,284199,1461916613484
0,382,284936,1461916614221
0,383,285674,1461916614959
0,384,286411,1461916615696
0,385,287148,1461916616433
0,386,287885,1461916617170
0,387,288623,1461916617908
0,388,289360,1461916618645
0,389,290097,1461916619382
0,390,290834,1461916620119
0,391,291572,1461916620858
0,392,292311,1461916621597
0,393,293049,1461916622335
0,394,293787,1461916623072
0,395,294523,1461916623808
0,396,295260,1461916624545
0,397,295996,1461916625281
0,398,296735,1461916626020
0,399,297473,1461916626758
0,400,298210,1461916627495
0,401,298947,1461916628232
0,402,299685,1461916628970
0,403,300423,1461916629708
0,404,301160,1461916630445
0,405,301897,1461916631182
0,406,302633,1461916631918
0,407,303370,1461916632655
0,408,304108,1461916633393
0,409,304848,1461916634133
0,410,305586,1461916634871
0,411,306323,1461916635608
0,412,307061,1461916636347
0,413,307798,1461916637083
0,414,308535,1461916637820
0,415,309273,1461916638558
0,416,310009,1461916639295
0,417,310746,1461916640031
0,418,311483,1461916640769
0,419,312220,1461916641505
0,420,312958,1461916642244
0,421,313698,1461916642983
0,422,314437,1461916643723
0,423,315174,1461916644459
0,424,315910,1461916645196
0,425,316649,1461916645934
0,426,317389,1461916646674
0,427,318127,1461916647412
0,428,318863,1461916648149
0,429,319601,1461916648886
0,430,320338,1461916649623
0,431,321078,1461916650364
0,432,321815,1461916651101
0,433,322552,1461916651837
0,434,323288,1461916652573
0,435,324025,1461916653310
0,436,324764,1461916654049
0,437,325502,1461916654787
0,438,326240,1461916655525
0,439,326975,1461916656261
0,440,327711,1461916656997
0,441,328448,1461916657733
0,442,329187,1461916658473
0,443,329924,1461916659210
0,444,330662,1461916659947
0,445,331398,1461916660684
0,446,332136,1461916661421
0,447,332873,1461916662158
0,448,333611,1461916662896
0,449,334349,1461916663634
0,450,335085,1461916664370
0,451,335821,1461916665107
0,452,336559,1461916665844
0,453,337296,1461916666581
0,454,338034,1461916667319
0,455,338771,1461916668056
0,456,339508,1461916668793
0,457,340244,1461916669529
0,458,340981,1461916670266
0,459,341723,1461916671009
0,460,342463,1461916671748
0,461,343200,1461916672486
0,462,343937,1461916673222
0,463,344674,1461916673960
0,464,345412,1461916674697
0,465,346149,1461916675435
0,466,346886,1461916676171
0,467,347625,1461916676911
0,468,348364,1461916677649
0,469,349104,1461916678389
0,470,349842,1461916679127
0,471,350579,1461916679864
0,472,351320,1461916680605
0,473,352058,1461916681343
0,474,352796,1461916682081
0,475,353534,1461916682819
0,476,354271,1461916683556
0,477,355009,1461916684294
0,478,355745,1461916685031
0,479,356484,1461916685769
0,480,357222,1461916686507
0,481,357959,1461916687244
0,482,358695,1461916687980
0,483,359432,1461916688717
0,484,360169,1461916689454
0,485,360907,1461916690193
0,486,361646,1461916690931
0,487,362382,1461916691667
0,488,363118,1461916692404
0,489,363855,1461916693140
0,490,364592,1461916693877
0,491,365330,1461916694616
0,492,366067,1461916695352
0,493,366805,1461916696090
0,494,367543,1461916696828
0,495,368281,1461916697566
0,496,369019,1461916698304
0,497,369756,1461916699041
0,498,370492,1461916699778
0,499,371231,1461916700516
0,500,371969,1461916701254
0,501,372705,1461916701991
0,502,373443,1461916702729
0,503,374182,1461916703467
0,504,374919,1461916704204
0,505,375657,1461916704943
0,506,376395,1461916705680
0,507,377133,1461916706418
0,508,377871,1461916707156
0,509,378611,1461916707896
0,510,379347,1461916708632
0,511,380084,1461916709369
0,512,380821,1461916710106
0,513,381559,1461916710844
0,514,382297,1461916711582
0,515,383036,1461916712321
0,516,383774,1461916713059
0,517,384511,1461916713796
0,518,385248,1461916714533
0,519,385986,1461916715271
0,520,386723,1461916716008
0,521,387460,1461916716745
0,522,388196,1461916717482
0,523,388933,1461916718218
0,524,389670,1461916718956
0,525,390408,1461916719694
0,526,391147,1461916720432
0,527,391884,1461916721169
0,528,392621,1461916721906
0,529,393359,1461916722644
0,530,394096,1461916723381
0,531,394834,1461916724119
0,532,395570,1461916724855
0,533,396306,1461916725592
0,534,397044,1461916726330
0,535,397783,1461916727068
0,536,398520,1461916727805
0,537,399258,1461916728543
0,538,399994,1461916729279
0,539,400731,1461916730016
0,540,401468,1461916730753
0,541,402205,1461916731490
0,542,402944,1461916732229
0,543,403681,1461916732966
0,544,404418,1461916733703
0,545,405156,1461916734442
0,546,405894,1461916735180
0,547,406634,1461916735920
0,548,407372,1461916736658
0,549,408110,1461916737395
0,550,408847,1461916738132
0,551,409587,1461916738872
0,552,410325,1461916739610
0,553,411061,1461916740347
0,554,411798,1461916741083
0,555,412536,1461916741821
0,556,413274,1461916742559
0,557,414010,1461916743296
0,558,414747,1461916744033
0,559,415485,1461916744770
0,560,416222,1461916745507
0,561,416960,1461916746245
0,562,417696,1461916746981
0,563,418432,1461916747718
0,564,419170,1461916748456
0,565,419908,1461916749193
0,566,420645,1461916749930
0,567,421382,1461916750667
0,568,422123,1461916751408
0,569,422862,1461916752147
0,570,423600,1461916752885
0,571,424336,1461916753621
0,572,425073,1461916754358
0,573,425811,1461916755096
0,574,426549,1461916755834
0,575,427285,1461916756571
0,576,428026,1461916757311
0,577,428763,1461916758048
0,578,429501,1461916758786
0,579,430238,1461916759523
0,580,430979,1461916760264
0,581,431716,1461916761002
0,582,432453,1461916761739
0,583,433191,1461916762476
0,584,433928,1461916763213
0,585,434665,1461916763951
0,586,435402,1461916764687
0,587,436138,1461916765423
0,588,436874,1461916766159
0,589,437612,1461916766897
0,590,438348,1461916767633
0,591,439085,1461916768370
0,592,439821,1461916769107
0,593,440560,1461916769845
0,594,441296,1461916770581
0,595,442033,1461916771318
0,596,442771,1461916772056
0,597,443509,1461916772794
0,598,444246,1461916773532
0,599,444983,1461916774269
0,600,445720,1461916775006
0,601,446457,1461916775742
0,602,447195,1461916776480
0,603,447931,1461916777216
0,604,448668,1461916777953
0,605,449407,1461916778692
0,606,450144,1461916779429
0,607,450883,1461916780168
0,608,451647,1461916780932
0,609,452404,1461916781689
0,610,453146,1461916782431
0,611,453916,1461916783201
