0,1461915637705,1461915640061
1,1461915640070,1461915640778
2,1461915640791,1461915641495
3,1461915641510,1461915642219
4,1461915642234,1461915642959
5,1461915642968,1461915643693
6,1461915643710,1461915644423
7,1461915644438,1461915645164
8,1461915645174,1461915645889
9,1461915645901,1461915646615
10,1461915646636,1461915647348
11,1461915647361,1461915648086
12,1461915648109,1461915648821
13,1461915648848,1461915649553
14,1461915649571,1461915650289
15,1461915650315,1461915651020
16,1461915651039,1461915651747
17,1461915651763,1461915652480
18,1461915652511,1461915653206
19,1461915653222,1461915653931
20,1461915653950,1461915654664
21,1461915654698,1461915655398
22,1461915655420,1461915656122
23,1461915656159,1461915656855
24,1461915656894,1461915657583
25,1461915657603,1461915658307
26,1461915658351,1461915659035
27,1461915659073,1461915659755
28,1461915659785,1461915660481
29,1461915660514,1461915661212
30,1461915661255,1461915661931
31,1461915661957,1461915662661
32,1461915662703,1461915663383
33,1461915663409,1461915664107
34,1461915664158,1461915664836
35,1461915664864,1461915665558
36,1461915665584,1461915666284
37,1461915666315,1461915667007
38,1461915667062,1461915667727
39,1461915667760,1461915668443
40,1461915668471,1461915669163
41,1461915669192,1461915669882
42,1461915669925,1461915670601
43,1461915670635,1461915671327
44,1461915671357,1461915672042
45,1461915672091,1461915672758
46,1461915672800,1461915673473
47,1461915673518,1461915674197
48,1461915674242,1461915674925
49,1461915674977,1461915675646
50,1461915675686,1461915676361
51,1461915676405,1461915677081
52,1461915677130,1461915677803
53,1461915677862,1461915678521
54,1461915678566,1461915679238
55,1461915679276,1461915679961
56,1461915679997,1461915680683
57,1461915680723,1461915681403
58,1461915681457,1461915682130
59,1461915682195,1461915682848
60,1461915682906,1461915683574
61,1461915683622,1461915684296
62,1461915684344,1461915685016
63,1461915685074,1461915685731
64,1461915685772,1461915686446
65,1461915686515,1461915687160
66,1461915687224,1461915687875
67,1461915687938,1461915688589
68,1461915688658,1461915689304
69,1461915689383,1461915690023
70,1461915690071,1461915690737
71,1461915690808,1461915691452
72,1461915691509,1461915692167
73,1461915692216,1461915692887
74,1461915692969,1461915693606
75,1461915693685,1461915694323
76,1461915694404,1461915695047
77,1461915695129,1461915695764
78,1461915695815,1461915696481
79,1461915696552,1461915697196
80,1461915697246,1461915697911
81,1461915697989,1461915698625
82,1461915698690,1461915699340
83,1461915699397,1461915700062
84,1461915700109,1461915700779
85,1461915700825,1461915701501
86,1461915701640,1461915702216
87,1461915702365,1461915702930
88,1461915703094,1461915703645
89,1461915703829,1461915704362
90,1461915704521,1461915705084
91,1461915705282,1461915705798
93,1461915706957,1461915707226
95,1461915708184,1461915708654
96,1461915708829,1461915709369
97,1461915709448,1461915710083
98,1461915710223,1461915710798
99,1461915710948,1461915711512
100,1461915712196,1461915712226
101,1461915712388,1461915712940
102,1461915713096,1461915713654
103,1461915713810,1461915714369
104,1461915714532,1461915715083
105,1461915715262,1461915715797
106,1461915715993,1461915716512
107,1461915716664,1461915717226
108,1461915717406,1461915717940
109,1461915718085,1461915718654
110,1461915719365,1461915719368
111,1461915719581,1461915720083
112,1461915720232,1461915720797
113,1461915720957,1461915721511
114,1461915721683,1461915722225
115,1461915722416,1461915722940
116,1461915723643,1461915723654
117,1461915723877,1461915724367
118,1461915725114,1461915725081
119,1461915725277,1461915725795
121,1461915726852,1461915727223
122,1461915727364,1461915727937
123,1461915728715,1461915728651
124,1461915728897,1461915729365
125,1461915730083,1461915730079
126,1461915730270,1461915730793
127,1461915730934,1461915731507
128,1461915731691,1461915732221
129,1461915732792,1461915732935
130,1461915733091,1461915733658
131,1461915733806,1461915734381
132,1461915734525,1461915735104
133,1461915735633,1461915735827
134,1461915735954,1461915736550
135,1461915736700,1461915737273
136,1461915737444,1461915737996
137,1461915738190,1461915738719
138,1461915738936,1461915739442
139,1461915739783,1461915740164
140,1461915740324,1461915740888
141,1461915741082,1461915741611
142,1461915741734,1461915742334
143,1461915742849,1461915743056
144,1461915743186,1461915743779
145,1461915743977,1461915744502
146,1461915744658,1461915745225
147,1461915745892,1461915745948
148,1461915746131,1461915746671
150,1461915747605,1461915748117
152,1461915749095,1461915749564
153,1461915749726,1461915750287
154,1461915750493,1461915751009
155,1461915751258,1461915751732
156,1461915751896,1461915752452
157,1461915752648,1461915753166
159,1461915754272,1461915754594
160,1461915754785,1461915755308
161,1461915755761,1461915756022
162,1461915756282,1461915756736
163,1461915756930,1461915757450
164,1461915757707,1461915758164
165,1461915758350,1461915758878
166,1461915759131,1461915759592
167,1461915759779,1461915760306
168,1461915760556,1461915761020
169,1461915761204,1461915761734
170,1461915761987,1461915762448
171,1461915762642,1461915763162
172,1461915763425,1461915763876
173,1461915764078,1461915764590
174,1461915764864,1461915765304
176,1461915766393,1461915766732
177,1461915766933,1461915767446
178,1461915767615,1461915768160
179,1461915768431,1461915768873
180,1461915769108,1461915769587
181,1461915770249,1461915770301
182,1461915770528,1461915771015
183,1461915771231,1461915771729
184,1461915771931,1461915772443
185,1461915772631,1461915773157
186,1461915773332,1461915773870
187,1461915774620,1461915774584
188,1461915774763,1461915775298
189,1461915775489,1461915776012
190,1461915776213,1461915776726
191,1461915776936,1461915777440
192,1461915777659,1461915778154
193,1461915778382,1461915778868
195,1461915779825,1461915780296
196,1461915780569,1461915781010
197,1461915781314,1461915781724
198,1461915781918,1461915782438
199,1461915782667,1461915783152
200,1461915783419,1461915783866
201,1461915784174,1461915784580
202,1461915784773,1461915785294
203,1461915785522,1461915786008
204,1461915786277,1461915786722
205,1461915787031,1461915787436
206,1461915787638,1461915788149
207,1461915788392,1461915788863
208,1461915789149,1461915789577
210,1461915790608,1461915791005
211,1461915791231,1461915791719
212,1461915792006,1461915792433
213,1461915792629,1461915793147
214,1461915793407,1461915793861
215,1461915794191,1461915794575
216,1461915794814,1461915795289
217,1461915795595,1461915796003
218,1461915796221,1461915796717
219,1461915796998,1461915797431
220,1461915797622,1461915798145
221,1461915798408,1461915798859
222,1461915799033,1461915799573
224,1461915800829,1461915801000
225,1461915801311,1461915801714
227,1461915802801,1461915803142
228,1461915803466,1461915803856
230,1461915805136,1461915805284
232,1461915806311,1461915806711
234,1461915808024,1461915808139
235,1461915808385,1461915808853
236,1461915809103,1461915809566
237,1461915809813,1461915810281
238,1461915810526,1461915810995
239,1461915811242,1461915811709
240,1461915811965,1461915812423
241,1461915812677,1461915813137
242,1461915813397,1461915813851
243,1461915814116,1461915814565
244,1461915814836,1461915815279
245,1461915815553,1461915815992
246,1461915816270,1461915816706
248,1461915817812,1461915818134
249,1461915818362,1461915818848
250,1461915819102,1461915819562
251,1461915819838,1461915820276
253,1461915821400,1461915821704
254,1461915821964,1461915822418
255,1461915822719,1461915823132
256,1461915823470,1461915823846
257,1461915824230,1461915824560
258,1461915824793,1461915825274
259,1461915825543,1461915825988
260,1461915826304,1461915826702
261,1461915827059,1461915827416
262,1461915827630,1461915828130
263,1461915828387,1461915828844
264,1461915829150,1461915829557
265,1461915829914,1461915830271
266,1461915831110,1461915830985
267,1461915831302,1461915831699
268,1461915832078,1461915832413
269,1461915832668,1461915833127
271,1461915834254,1461915834554
272,1461915834849,1461915835268
274,1461915836645,1461915836696
275,1461915837048,1461915837410
276,1461915837647,1461915838124
277,1461915838448,1461915838838
278,1461915839251,1461915839552
279,1461915839853,1461915840266
280,1461915840669,1461915840980
281,1461915841272,1461915841694
282,1461915842075,1461915842408
283,1461915843283,1461915843122
285,1461915844493,1461915844549
286,1461915844910,1461915845263
287,1461915846125,1461915845977
288,1461915846339,1461915846691
289,1461915846982,1461915847405
290,1461915847832,1461915848119
291,1461915848467,1461915848833
292,1461915849107,1461915849547
293,1461915849959,1461915850261
294,1461915850600,1461915850975
295,1461915851244,1461915851689
296,1461915852106,1461915852403
297,1461915852748,1461915853117
298,1461915853390,1461915853831
299,1461915854244,1461915854545
300,1461915854887,1461915855259
301,1461915855541,1461915855972
302,1461915856406,1461915856686
303,1461915857049,1461915857400
304,1461915858272,1461915858113
305,1461915858489,1461915858827
306,1461915859144,1461915859541
307,1461915859800,1461915860255
309,1461915861472,1461915861683
310,1461915862140,1461915862397
311,1461915862805,1461915863111
312,1461915863474,1461915863825
313,1461915864143,1461915864539
314,1461915864822,1461915865253
315,1461915865503,1461915865967
316,1461915866407,1461915866681
317,1461915867084,1461915867395
318,1461915867755,1461915868108
319,1461915868424,1461915868822
320,1461915869653,1461915869536
321,1461915869882,1461915870250
322,1461915870567,1461915870964
323,1461915871261,1461915871678
325,1461915872953,1461915873106
326,1461915873416,1461915873820
327,1461915874112,1461915874534
328,1461915874806,1461915875248
329,1461915875510,1461915875961
330,1461915876451,1461915876676
334,1461915879158,1461915879531
335,1461915879880,1461915880245
336,1461915880600,1461915880959
337,1461915881324,1461915881672
338,1461915882053,1461915882386
339,1461915882774,1461915883100
340,1461915883498,1461915883814
341,1461915884220,1461915884528
342,1461915884944,1461915885242
343,1461915885675,1461915885956
344,1461915886395,1461915886670
345,1461915887129,1461915887384
346,1461915887850,1461915888097
347,1461915888577,1461915888811
348,1461915889300,1461915889525
349,1461915889783,1461915890239
350,1461915891030,1461915890953
351,1461915891276,1461915891667
352,1461915892023,1461915892380
353,1461915892758,1461915893094
354,1461915893498,1461915893808
355,1461915894751,1461915894522
356,1461915895000,1461915895236
357,1461915895509,1461915895950
358,1461915896259,1461915896664
359,1461915897018,1461915897379
360,1461915897769,1461915898093
361,1461915898520,1461915898807
362,1461915899271,1461915899521
363,1461915900023,1461915900235
364,1461915900533,1461915900949
365,1461915901286,1461915901663
366,1461915902036,1461915902377
367,1461915902787,1461915903091
368,1461915903541,1461915903804
369,1461915904294,1461915904518
370,1461915904796,1461915905232
371,1461915905548,1461915905946
372,1461915906312,1461915906660
373,1461915907067,1461915907374
374,1461915907824,1461915908088
375,1461915908578,1461915908802
376,1461915909081,1461915909516
377,1461915909840,1461915910230
378,1461915910605,1461915910944
379,1461915911361,1461915911658
380,1461915912119,1461915912372
381,1461915912876,1461915913086
382,1461915913383,1461915913800
383,1461915914141,1461915914514
384,1461915914909,1461915915228
385,1461915915668,1461915915942
386,1461915916423,1461915916656
387,1461915916930,1461915917370
388,1461915917686,1461915918084
389,1461915918458,1461915918798
390,1461915919214,1461915919512
391,1461915919977,1461915920226
392,1461915920735,1461915920940
393,1461915921251,1461915921654
394,1461915922020,1461915922367
395,1461915922780,1461915923082
396,1461915923551,1461915923795
397,1461915924313,1461915924509
398,1461915924820,1461915925223
399,1461915925592,1461915925937
400,1461915926353,1461915926651
401,1461915927114,1461915927365
402,1461915927875,1461915928079
403,1461915928384,1461915928793
404,1461915929148,1461915929507
405,1461915929922,1461915930221
406,1461915930698,1461915930935
407,1461915931208,1461915931649
408,1461915931984,1461915932363
409,1461915932747,1461915933076
410,1461915933520,1461915933790
411,1461915934286,1461915934504
412,1461915934797,1461915935218
413,1461915935563,1461915935932
414,1461915936337,1461915936646
415,1461915937101,1461915937360
416,1461915937868,1461915938074
417,1461915938381,1461915938788
418,1461915939150,1461915939502
419,1461915939916,1461915940215
420,1461915940683,1461915940929
421,1461915941451,1461915941643
422,1461915941965,1461915942357
423,1461915942732,1461915943071
424,1461915943509,1461915943785
425,1461915944290,1461915944499
426,1461915944801,1461915945212
427,1461915945570,1461915945926
428,1461915946339,1461915946640
429,1461915947108,1461915947354
430,1461915947877,1461915948068
431,1461915948390,1461915948781
432,1461915949160,1461915949495
433,1461915949931,1461915950209
434,1461915950702,1461915950923
435,1461915951225,1461915951637
436,1461915951996,1461915952351
437,1461915952766,1461915953065
438,1461915953546,1461915953779
439,1461915954062,1461915954493
440,1461915954834,1461915955206
441,1461915955612,1461915955920
442,1461915956394,1461915956634
443,1461915956910,1461915957348
444,1461915957686,1461915958062
445,1461915958462,1461915958776
446,1461915959233,1461915959490
447,1461915960008,1461915960204
448,1461915960524,1461915960918
449,1461915961299,1461915961632
450,1461915962087,1461915962345
451,1461915962865,1461915963059
453,1461915964128,1461915964487
455,1461915966194,1461915965915
456,1461915966462,1461915966629
457,1461915966995,1461915967342
459,1461915968530,1461915968770
460,1461915969073,1461915969484
461,1461915969884,1461915970198
462,1461915970694,1461915970912
463,1461915971235,1461915971626
464,1461915972047,1461915972340
465,1461915972859,1461915973053
466,1461915973400,1461915973767
467,1461915974215,1461915974481
468,1461915975039,1461915975195
470,1461915976590,1461915976623
471,1461915977140,1461915977336
472,1461915977691,1461915978050
473,1461915978528,1461915978764
474,1461915979081,1461915979478
475,1461915979907,1461915980192
477,1461915981468,1461915981619
478,1461915982037,1461915982333
479,1461915982876,1461915983048
480,1461915983434,1461915983762
481,1461915984272,1461915984475
482,1461915984832,1461915985189
483,1461915985671,1461915985903
484,1461915986244,1461915986617
485,1461915987085,1461915987331
486,1461915987845,1461915988045
487,1461915988408,1461915988759
489,1461915989987,1461915990186
490,1461915990558,1461915990900
491,1461915991411,1461915991614
492,1461915991981,1461915992328
493,1461915992855,1461915993042
494,1461915993425,1461915993756
495,1461915994286,1461915994470
496,1461915994868,1461915995184
497,1461915995737,1461915995898
498,1461915996311,1461915996612
499,1461915997166,1461915997326
500,1461915997749,1461915998039
501,1461915998619,1461915998754
502,1461915999191,1461915999468
503,1461916000047,1461916000181
504,1461916000618,1461916000895
506,1461916002197,1461916002323
507,1461916002778,1461916003037
508,1461916003358,1461916003751
509,1461916004240,1461916004465
510,1461916004821,1461916005179
511,1461916005693,1461916005892
512,1461916006284,1461916006606
513,1461916007154,1461916007320
514,1461916007743,1461916008034
515,1461916008625,1461916008748
516,1461916009207,1461916009462
517,1461916009786,1461916010175
518,1461916011082,1461916010889
519,1461916011377,1461916011603
520,1461916011970,1461916012317
521,1461916012857,1461916013031
523,1461916014159,1461916014458
524,1461916015462,1461916015172
525,1461916015764,1461916015886
526,1461916016369,1461916016600
527,1461916016976,1461916017314
528,1461916017882,1461916018028
529,1461916018489,1461916018742
530,1461916019097,1461916019455
531,1461916020406,1461916020169
532,1461916020713,1461916020883
533,1461916021326,1461916021597
534,1461916021941,1461916022311
535,1461916022864,1461916023025
536,1461916023482,1461916023739
537,1461916024105,1461916024453
538,1461916025030,1461916025167
539,1461916025645,1461916025881
540,1461916026261,1461916026595
541,1461916027185,1461916027309
542,1461916027804,1461916028023
544,1461916029425,1461916029450
545,1461916030048,1461916030164
547,1461916031365,1461916031592
548,1461916031999,1461916032306
549,1461916032947,1461916033020
550,1461916033580,1461916033733
551,1461916034214,1461916034447
552,1461916034846,1461916035161
553,1461916035799,1461916035875
554,1461916036442,1461916036589
555,1461916037075,1461916037303
556,1461916037706,1461916038017
558,1461916039359,1461916039445
559,1461916040000,1461916040159
560,1461916040639,1461916040873
561,1461916041281,1461916041587
562,1461916042245,1461916042301
563,1461916042890,1461916043015
564,1461916043530,1461916043729
565,1461916044172,1461916044443
566,1461916044814,1461916045156
567,1461916045774,1461916045870
568,1461916046420,1461916046584
569,1461916047060,1461916047298
570,1461916047703,1461916048012
571,1461916048668,1461916048726
572,1461916049325,1461916049440
573,1461916049971,1461916050154
574,1461916050613,1461916050868
575,1461916051256,1461916051581
576,1461916052223,1461916052295
577,1461916052871,1461916053009
578,1461916053514,1461916053723
579,1461916054156,1461916054437
580,1461916054801,1461916055151
581,1461916055768,1461916055864
582,1461916056413,1461916056578
583,1461916057058,1461916057292
584,1461916057702,1461916058006
585,1461916058347,1461916058720
586,1461916059315,1461916059434
587,1461916059963,1461916060148
588,1461916060609,1461916060861
589,1461916061257,1461916061575
590,1461916062236,1461916062289
592,1461916063564,1461916063717
593,1461916064215,1461916064430
594,1461916064869,1461916065144
595,1461916065534,1461916065858
596,1461916066517,1461916066572
597,1461916067174,1461916067286
598,1461916067841,1461916068000
599,1461916068497,1461916068714
600,1461916069151,1461916069428
601,1461916069818,1461916070141
602,1461916070799,1461916070855
603,1461916071455,1461916071569
604,1461916072112,1461916072283
605,1461916072768,1461916072997
606,1461916073434,1461916073710
607,1461916074090,1461916074424
608,1461916075073,1461916075138
609,1461916075730,1461916075852
610,1461916076397,1461916076565
611,1461916077055,1461916077279
612,1461916077715,1461916077993
613,1461916078385,1461916078707
614,1461916079372,1461916079421
615,1461916080041,1461916080135
616,1461916080701,1461916080849
617,1461916081358,1461916081563
618,1461916082014,1461916082276
619,1461916082673,1461916082990
620,1461916083661,1461916083704
621,1461916084322,1461916084418
622,1461916084992,1461916085132
623,1461916085652,1461916085846
624,1461916086308,1461916086560
625,1461916086967,1461916087274
626,1461916087624,1461916087987
627,1461916088612,1461916088701
628,1461916089273,1461916089415
629,1461916089942,1461916090129
630,1461916090602,1461916090843
631,1461916091270,1461916091557
632,1461916091928,1461916092271
633,1461916092920,1461916092985
634,1461916093580,1461916093698
635,1461916094241,1461916094412
636,1461916094904,1461916095126
637,1461916095575,1461916095840
638,1461916096239,1461916096554
639,1461916097228,1461916097267
640,1461916097887,1461916097981
642,1461916099223,1461916099409
643,1461916099894,1461916100123
644,1461916100564,1461916100836
645,1461916101234,1461916101550
646,1461916101915,1461916102264
647,1461916102930,1461916102978
648,1461916103603,1461916103692
649,1461916104285,1461916104406
650,1461916104955,1461916105119
651,1461916105635,1461916105834
652,1461916106306,1461916106559
653,1461916106976,1461916107278
