0,0,819,1462974269351
0,1,1550,1462974270081
0,2,2280,1462974270812
0,3,3009,1462974271540
0,4,3736,1462974272267
0,5,4461,1462974272992
0,6,5185,1462974273716
0,7,5908,1462974274439
0,8,6630,1462974275161
0,9,7349,1462974275881
0,10,8073,1462974276605
0,11,8781,1462974277312
0,12,9488,1462974278019
0,13,10189,1462974278721
0,14,10895,1462974279427
0,15,11612,1462974280143
0,16,12313,1462974280844
0,17,13014,1462974281546
0,18,13716,1462974282247
0,19,14422,1462974282953
0,20,15131,1462974283662
0,21,15832,1462974284363
0,22,16534,1462974285065
0,23,17235,1462974285766
0,24,17936,1462974286467
0,25,18638,1462974287169
0,26,19339,1462974287870
0,27,20040,1462974288571
0,28,20741,1462974289272
0,29,21450,1462974289981
0,30,22154,1462974290686
0,31,22857,1462974291389
0,32,23564,1462974292095
0,33,24265,1462974292796
0,34,24970,1462974293501
0,35,25676,1462974294207
0,36,26377,1462974294908
0,37,27078,1462974295609
0,38,27779,1462974296310
0,39,28480,1462974297011
0,40,29181,1462974297712
0,41,29882,1462974298413
0,42,30583,1462974299114
0,43,31284,1462974299815
0,44,31985,1462974300516
0,45,32686,1462974301217
0,46,33387,1462974301918
0,47,34088,1462974302619
0,48,34792,1462974303324
0,49,35501,1462974304033
0,50,36210,1462974304741
0,51,36922,1462974305453
0,52,37637,1462974306169
0,53,38350,1462974306881
0,54,39062,1462974307593
0,55,39775,1462974308307
0,56,40487,1462974309019
0,57,41199,1462974309730
0,58,41909,1462974310440
0,59,42620,1462974311151
0,60,43332,1462974311863
0,61,44046,1462974312577
0,62,44755,1462974313286
0,63,45464,1462974313995
0,64,46172,1462974314704
0,65,46881,1462974315412
0,66,47589,1462974316121
0,67,48298,1462974316829
0,68,49007,1462974317538
0,69,49716,1462974318248
0,70,50425,1462974318956
0,71,51133,1462974319665
0,72,51842,1462974320374
0,73,52551,1462974321083
0,74,53260,1462974321792
0,75,53969,1462974322501
0,76,54678,1462974323210
0,77,55387,1462974323918
0,78,56096,1462974324627
0,79,56805,1462974325336
0,80,57513,1462974326045
0,81,58222,1462974326754
0,82,58931,1462974327462
0,83,59640,1462974328171
0,84,60349,1462974328880
0,85,61057,1462974329588
0,86,61765,1462974330297
0,87,62474,1462974331005
0,88,63182,1462974331713
0,89,63891,1462974332423
0,90,64601,1462974333132
0,91,65309,1462974333841
0,92,66018,1462974334549
0,93,66727,1462974335258
0,94,67435,1462974335967
0,95,68144,1462974336675
0,96,68852,1462974337384
0,97,69562,1462974338093
0,98,70270,1462974338802
0,99,70980,1462974339512
0,100,71690,1462974340221
0,101,72398,1462974340929
0,102,73107,1462974341638
0,103,73815,1462974342346
0,104,74524,1462974343056
0,105,75233,1462974343764
0,106,75942,1462974344473
0,107,76651,1462974345182
0,108,77360,1462974345891
0,109,78068,1462974346599
0,110,78777,1462974347308
0,111,79485,1462974348016
0,112,80194,1462974348725
0,113,80903,1462974349434
0,114,81611,1462974350143
0,115,82320,1462974350851
0,116,83029,1462974351561
0,117,83738,1462974352270
0,118,84447,1462974352978
0,119,85156,1462974353687
0,120,85864,1462974354395
0,121,86573,1462974355105
0,122,87283,1462974355814
0,123,87992,1462974356523
0,124,88700,1462974357232
0,125,89410,1462974357941
0,126,90119,1462974358650
0,127,90828,1462974359360
0,128,91537,1462974360069
0,129,92246,1462974360778
0,130,92955,1462974361486
0,131,93664,1462974362195
0,132,94373,1462974362904
0,133,95081,1462974363613
0,134,95790,1462974364322
0,135,96498,1462974365030
0,136,97208,1462974365739
0,137,97917,1462974366448
0,138,98625,1462974367156
0,139,99333,1462974367865
0,140,100042,1462974368573
0,141,100750,1462974369281
0,142,101458,1462974369990
0,143,102166,1462974370698
0,144,102874,1462974371405
0,145,103583,1462974372114
0,146,104291,1462974372822
0,147,104999,1462974373531
0,148,105707,1462974374239
0,149,106416,1462974374947
0,150,107124,1462974375655
0,151,107832,1462974376363
0,152,108540,1462974377071
0,153,109248,1462974377779
0,154,109956,1462974378487
0,155,110665,1462974379196
0,156,111372,1462974379903
0,157,112080,1462974380611
0,158,112788,1462974381319
0,159,113495,1462974382027
0,160,114203,1462974382734
0,161,114911,1462974383442
0,162,115618,1462974384150
0,163,116326,1462974384857
0,164,117034,1462974385565
0,165,117742,1462974386274
0,166,118451,1462974386982
0,167,119159,1462974387691
0,168,119868,1462974388399
0,169,120577,1462974389108
0,170,121284,1462974389816
0,171,121993,1462974390524
0,172,122701,1462974391233
0,173,123410,1462974391941
0,174,124118,1462974392649
0,175,124826,1462974393357
0,176,125534,1462974394065
0,177,126241,1462974394772
0,178,126949,1462974395480
0,179,127656,1462974396188
0,180,128364,1462974396896
0,181,129072,1462974397603
0,182,129779,1462974398310
0,183,130486,1462974399018
0,184,131195,1462974399726
0,185,131902,1462974400434
0,186,132610,1462974401141
0,187,133318,1462974401849
0,188,134025,1462974402557
0,189,134733,1462974403264
0,190,135441,1462974403972
0,191,136148,1462974404679
0,192,136856,1462974405387
0,193,137563,1462974406094
0,194,138270,1462974406802
0,195,138978,1462974407509
0,196,139685,1462974408217
0,197,140393,1462974408924
0,198,141101,1462974409632
0,199,141808,1462974410339
0,200,142515,1462974411046
0,201,143223,1462974411754
0,202,143930,1462974412462
0,203,144638,1462974413169
0,204,145346,1462974413877
0,205,146053,1462974414585
0,206,146761,1462974415293
0,207,147469,1462974416001
0,208,148177,1462974416709
0,209,148886,1462974417418
0,210,149594,1462974418126
0,211,150302,1462974418833
0,212,151010,1462974419542
0,213,151718,1462974420249
0,214,152426,1462974420957
0,215,153133,1462974421665
0,216,153841,1462974422372
0,217,154548,1462974423079
0,218,155256,1462974423787
0,219,155964,1462974424495
0,220,156671,1462974425202
0,221,157379,1462974425910
0,222,158087,1462974426618
0,223,158795,1462974427326
0,224,159502,1462974428033
0,225,160209,1462974428740
0,226,160916,1462974429448
0,227,161624,1462974430155
0,228,162332,1462974430863
0,229,163039,1462974431571
0,230,163747,1462974432278
0,231,164454,1462974432985
0,232,165161,1462974433692
0,233,165868,1462974434399
0,234,166575,1462974435107
0,235,167282,1462974435814
0,236,167990,1462974436521
0,237,168697,1462974437228
0,238,169404,1462974437936
0,239,170112,1462974438643
0,240,170820,1462974439351
0,241,171528,1462974440059
0,242,172237,1462974440768
0,243,172945,1462974441477
0,244,173654,1462974442185
0,245,174362,1462974442894
0,246,175070,1462974443602
0,247,175779,1462974444310
0,248,176487,1462974445018
0,249,177195,1462974445726
0,250,177902,1462974446434
0,251,178610,1462974447141
0,252,179318,1462974447849
0,253,180026,1462974448557
0,254,180734,1462974449266
0,255,181443,1462974449974
0,256,182151,1462974450682
0,257,182859,1462974451391
0,258,183568,1462974452099
0,259,184277,1462974452808
0,260,184985,1462974453517
0,261,185694,1462974454226
0,262,186403,1462974454934
0,263,187112,1462974455643
0,264,187820,1462974456352
0,265,188529,1462974457061
0,266,189238,1462974457769
0,267,189946,1462974458478
0,268,190655,1462974459187
0,269,191364,1462974459896
0,270,192073,1462974460604
0,271,192781,1462974461313
0,272,193490,1462974462021
0,273,194199,1462974462730
0,274,194908,1462974463439
0,275,195636,1462974464167
0,276,196345,1462974464876
0,277,197053,1462974465584
0,278,197762,1462974466293
0,279,198470,1462974467002
0,280,199179,1462974467710
0,281,199888,1462974468419
0,282,200597,1462974469128
0,283,201305,1462974469837
0,284,202014,1462974470545
0,285,202722,1462974471253
0,286,203430,1462974471962
0,287,204139,1462974472670
0,288,204847,1462974473378
0,289,205556,1462974474087
0,290,206265,1462974474796
0,291,206974,1462974475505
0,292,207682,1462974476213
0,293,208390,1462974476921
0,294,209099,1462974477630
0,295,209807,1462974478338
0,296,210516,1462974479047
0,297,211225,1462974479756
0,298,211934,1462974480465
0,299,212642,1462974481173
0,300,213351,1462974481882
0,301,214059,1462974482591
0,302,214767,1462974483299
0,303,215476,1462974484007
0,304,216184,1462974484715
0,305,216892,1462974485423
0,306,217601,1462974486132
0,307,218310,1462974486841
0,308,219017,1462974487549
0,309,219726,1462974488258
0,310,220435,1462974488966
0,311,221143,1462974489675
0,312,221852,1462974490383
0,313,222560,1462974491091
0,314,223280,1462974491812
0,315,223998,1462974492529
0,316,224707,1462974493238
0,317,225416,1462974493947
0,318,226124,1462974494656
0,319,226839,1462974495370
0,320,227548,1462974496079
0,321,228256,1462974496787
0,322,228964,1462974497495
0,323,229673,1462974498204
0,324,230381,1462974498912
0,325,231089,1462974499621
0,326,231798,1462974500329
0,327,232507,1462974501038
0,328,233215,1462974501747
0,329,233924,1462974502455
0,330,234633,1462974503164
0,331,235342,1462974503873
0,332,236051,1462974504582
0,333,236759,1462974505291
0,334,237468,1462974505999
0,335,238177,1462974506708
0,336,238888,1462974507419
0,337,239597,1462974508128
0,338,240305,1462974508837
0,339,241014,1462974509546
0,340,241723,1462974510254
0,341,242431,1462974510962
0,342,243140,1462974511671
0,343,243848,1462974512380
0,344,244557,1462974513089
0,345,245266,1462974513797
0,346,245975,1462974514506
0,347,246683,1462974515215
0,348,247392,1462974515923
0,349,248101,1462974516632
0,350,248809,1462974517341
0,351,249518,1462974518049
0,352,250227,1462974518758
0,353,250935,1462974519466
0,354,251644,1462974520175
0,355,252352,1462974520883
0,356,253060,1462974521591
0,357,253769,1462974522300
0,358,254477,1462974523009
0,359,255186,1462974523717
0,360,255895,1462974524426
0,361,256608,1462974525139
0,362,257317,1462974525848
0,363,258025,1462974526556
0,364,258733,1462974527265
0,365,259459,1462974527990
0,366,260172,1462974528703
0,367,260878,1462974529409
0,368,261578,1462974530109
0,369,262279,1462974530810
0,370,262979,1462974531510
0,371,263679,1462974532211
0,372,264380,1462974532911
0,373,265080,1462974533611
0,374,265780,1462974534311
0,375,266480,1462974535012
0,376,267181,1462974535712
0,377,267881,1462974536412
0,378,268582,1462974537113
0,379,269282,1462974537813
0,380,269982,1462974538514
0,381,270682,1462974539214
0,382,271383,1462974539914
0,383,272083,1462974540614
0,384,272783,1462974541315
0,385,273484,1462974542015
0,386,274184,1462974542715
0,387,274884,1462974543416
0,388,275585,1462974544116
0,389,276285,1462974544816
0,390,276985,1462974545517
0,391,277686,1462974546217
0,392,278386,1462974546918
0,393,279087,1462974547618
0,394,279787,1462974548318
0,395,280487,1462974549019
0,396,281188,1462974549719
0,397,281888,1462974550419
0,398,282588,1462974551120
0,399,283289,1462974551820
0,400,283992,1462974552524
0,401,284693,1462974553224
0,402,285393,1462974553924
0,403,286093,1462974554625
0,404,286794,1462974555325
0,405,287494,1462974556025
0,406,288194,1462974556726
0,407,288895,1462974557426
0,408,289595,1462974558127
0,409,290296,1462974558827
0,410,290996,1462974559527
0,411,291696,1462974560228
0,412,292397,1462974560928
0,413,293097,1462974561628
0,414,293798,1462974562329
0,415,294498,1462974563029
0,416,295198,1462974563730
0,417,295899,1462974564430
0,418,296599,1462974565130
0,419,297300,1462974565831
0,420,298000,1462974566531
0,421,298700,1462974567232
0,422,299401,1462974567932
0,423,300101,1462974568633
0,424,300802,1462974569333
0,425,301502,1462974570033
0,426,302203,1462974570734
0,427,302903,1462974571435
0,428,303604,1462974572135
0,429,304304,1462974572835
0,430,305004,1462974573536
0,431,305705,1462974574236
0,432,306405,1462974574936
0,433,307106,1462974575637
0,434,307806,1462974576337
0,435,308506,1462974577038
0,436,309207,1462974577738
0,437,309907,1462974578438
0,438,310607,1462974579139
0,439,311308,1462974579839
0,440,312008,1462974580539
0,441,312708,1462974581240
0,442,313409,1462974581940
0,443,314109,1462974582640
0,444,314810,1462974583341
0,445,315510,1462974584041
0,446,316210,1462974584742
0,447,316911,1462974585442
0,448,317611,1462974586142
0,449,318311,1462974586843
0,450,319012,1462974587543
0,451,319712,1462974588244
0,452,320413,1462974588944
0,453,321113,1462974589644
0,454,321813,1462974590345
0,455,322514,1462974591045
0,456,323214,1462974591746
0,457,323915,1462974592446
0,458,324615,1462974593146
0,459,325315,1462974593846
0,460,326016,1462974594547
0,461,326716,1462974595247
0,462,327416,1462974595948
0,463,328117,1462974596648
0,464,328817,1462974597348
0,465,329517,1462974598048
0,466,330217,1462974598749
0,467,330918,1462974599449
0,468,331618,1462974600149
0,469,332318,1462974600850
0,470,333019,1462974601550
0,471,333719,1462974602250
0,472,334419,1462974602951
0,473,335120,1462974603651
0,474,335820,1462974604351
0,475,336521,1462974605052
0,476,337221,1462974605752
0,477,337921,1462974606453
0,478,338622,1462974607153
0,479,339322,1462974607854
0,480,340023,1462974608554
0,481,340723,1462974609254
0,482,341423,1462974609955
0,483,342124,1462974610655
0,484,342824,1462974611356
0,485,343525,1462974612056
0,486,344226,1462974612757
0,487,344927,1462974613458
0,488,345627,1462974614158
0,489,346327,1462974614859
0,490,347031,1462974615562
0,491,347731,1462974616263
0,492,348432,1462974616963
0,493,349132,1462974617663
0,494,349832,1462974618364
0,495,350533,1462974619064
0,496,351233,1462974619765
0,497,351934,1462974620465
0,498,352634,1462974621166
0,499,353335,1462974621866
0,500,354035,1462974622566
0,501,354735,1462974623267
0,502,355436,1462974623967
0,503,356136,1462974624667
0,504,356836,1462974625368
0,505,357537,1462974626068
0,506,358237,1462974626768
0,507,358937,1462974627469
0,508,359638,1462974628169
0,509,360338,1462974628869
0,510,361039,1462974629570
0,511,361739,1462974630270
0,512,362439,1462974630971
0,513,363140,1462974631671
0,514,363840,1462974632371
0,515,364540,1462974633072
0,516,365241,1462974633772
0,517,365941,1462974634472
0,518,366641,1462974635173
0,519,367342,1462974635873
0,520,368042,1462974636573
0,521,368742,1462974637273
0,522,369442,1462974637973
0,523,370142,1462974638674
0,524,370843,1462974639374
0,525,371543,1462974640074
0,526,372243,1462974640775
0,527,372944,1462974641475
0,528,373644,1462974642175
0,529,374345,1462974642876
0,530,375045,1462974643576
0,531,375745,1462974644276
0,532,376445,1462974644977
0,533,377146,1462974645677
0,534,377846,1462974646377
0,535,378546,1462974647078
0,536,379247,1462974647778
0,537,379949,1462974648480
0,538,380650,1462974649181
0,539,381350,1462974649881
0,540,382050,1462974650582
0,541,382751,1462974651282
0,542,383451,1462974651982
0,543,384152,1462974652684
0,544,384853,1462974653384
0,545,385553,1462974654084
0,546,386253,1462974654784
0,547,386953,1462974655485
0,548,387654,1462974656185
0,549,388354,1462974656885
0,550,389054,1462974657586
0,551,389754,1462974658286
0,552,390456,1462974658988
0,553,391157,1462974659688
0,554,391857,1462974660388
0,555,392557,1462974661088
0,556,393257,1462974661789
0,557,393958,1462974662489
0,558,394658,1462974663189
0,559,395358,1462974663889
0,560,396058,1462974664590
0,561,396758,1462974665290
0,562,397459,1462974665990
0,563,398159,1462974666690
0,564,398859,1462974667391
0,565,399559,1462974668091
0,566,400260,1462974668791
0,567,400960,1462974669491
0,568,401660,1462974670192
0,569,402360,1462974670892
0,570,403061,1462974671592
0,571,403761,1462974672292
0,572,404468,1462974673000
0,573,405169,1462974673700
0,574,405869,1462974674401
0,575,406569,1462974675101
0,576,407270,1462974675801
0,577,407970,1462974676501
0,578,408670,1462974677201
0,579,409370,1462974677902
0,580,410071,1462974678602
0,581,410771,1462974679302
0,582,411471,1462974680003
0,583,412172,1462974680703
0,584,412872,1462974681403
0,585,413572,1462974682103
0,586,414272,1462974682804
0,587,414973,1462974683504
0,588,415673,1462974684204
0,589,416373,1462974684904
0,590,417073,1462974685605
0,591,417774,1462974686305
0,592,418474,1462974687005
0,593,419175,1462974687706
0,594,419875,1462974688406
0,595,420576,1462974689107
0,596,421276,1462974689807
0,597,421976,1462974690508
0,598,422677,1462974691208
0,599,423377,1462974691908
0,600,424077,1462974692608
0,601,424778,1462974693309
0,602,425478,1462974694009
0,603,426178,1462974694710
0,604,426879,1462974695410
0,605,427579,1462974696110
