0,0,770,1462973587185
0,1,1504,1462973587918
0,2,2236,1462973588650
0,3,2967,1462973589381
0,4,3695,1462973590109
0,5,4423,1462973590838
0,6,5150,1462973591564
0,7,5865,1462973592280
0,8,6590,1462973593004
0,9,7313,1462973593727
0,10,8017,1462973594431
0,11,8722,1462973595136
0,12,9426,1462973595840
0,13,10130,1462973596544
0,14,10834,1462973597248
0,15,11549,1462973597963
0,16,12258,1462973598672
0,17,12971,1462973599385
0,18,13679,1462973600093
0,19,14388,1462973600802
0,20,15100,1462973601515
0,21,15820,1462973602234
0,22,16527,1462973602941
0,23,17232,1462973603646
0,24,17947,1462973604361
0,25,18661,1462973605075
0,26,19377,1462973605791
0,27,20090,1462973606504
0,28,20809,1462973607223
0,29,21528,1462973607942
0,30,22240,1462973608654
0,31,22959,1462973609373
0,32,23693,1462973610107
0,33,24423,1462973610838
0,34,25148,1462973611562
0,35,25871,1462973612285
0,36,26585,1462973612999
0,37,27301,1462973613715
0,38,28025,1462973614439
0,39,28739,1462973615153
0,40,29456,1462973615870
0,41,30172,1462973616586
0,42,30885,1462973617299
0,43,31608,1462973618023
0,44,32315,1462973618730
0,45,33019,1462973619433
0,46,33729,1462973620144
0,47,34435,1462973620849
0,48,35144,1462973621558
0,49,35854,1462973622268
0,50,36567,1462973622981
0,51,37280,1462973623695
0,52,37996,1462973624411
0,53,38712,1462973625126
0,54,39427,1462973625841
0,55,40137,1462973626551
0,56,40849,1462973627263
0,57,41561,1462973627975
0,58,42273,1462973628687
0,59,42985,1462973629400
0,60,43697,1462973630112
0,61,44409,1462973630823
0,62,45120,1462973631534
0,63,45831,1462973632245
0,64,46536,1462973632951
0,65,47240,1462973633654
0,66,47945,1462973634359
0,67,48649,1462973635063
0,68,49352,1462973635766
0,69,50055,1462973636470
0,70,50759,1462973637173
0,71,51462,1462973637876
0,72,52166,1462973638580
0,73,52869,1462973639283
0,74,53572,1462973639987
0,75,54276,1462973640690
0,76,54979,1462973641393
0,77,55682,1462973642097
0,78,56386,1462973642800
0,79,57091,1462973643506
0,80,57796,1462973644210
0,81,58501,1462973644916
0,82,59205,1462973645620
0,83,59912,1462973646326
0,84,60615,1462973647029
0,85,61321,1462973647736
0,86,62030,1462973648444
0,87,62734,1462973649148
0,88,63439,1462973649854
0,89,64142,1462973650557
0,90,64846,1462973651260
0,91,65549,1462973651963
0,92,66252,1462973652666
0,93,66955,1462973653370
0,94,67660,1462973654074
0,95,68366,1462973654780
0,96,69076,1462973655490
0,97,69781,1462973656195
0,98,70485,1462973656899
0,99,71192,1462973657606
0,100,71896,1462973658310
0,101,72599,1462973659013
0,102,73302,1462973659716
0,103,74005,1462973660419
0,104,74709,1462973661123
0,105,75416,1462973661830
0,106,76120,1462973662534
0,107,76825,1462973663239
0,108,77528,1462973663942
0,109,78231,1462973664645
0,110,78934,1462973665348
0,111,79637,1462973666052
0,112,80344,1462973666758
0,113,81047,1462973667461
0,114,81750,1462973668164
0,115,82453,1462973668867
0,116,83156,1462973669571
0,117,83860,1462973670274
0,118,84563,1462973670977
0,119,85267,1462973671681
0,120,85970,1462973672384
0,121,86673,1462973673087
0,122,87376,1462973673790
0,123,88080,1462973674494
0,124,88783,1462973675197
0,125,89486,1462973675901
0,126,90189,1462973676604
0,127,90892,1462973677307
0,128,91596,1462973678010
0,129,92299,1462973678713
0,130,93002,1462973679416
0,131,93707,1462973680121
0,132,94413,1462973680827
0,133,95117,1462973681531
0,134,95820,1462973682235
0,135,96523,1462973682938
0,136,97241,1462973683655
0,137,97972,1462973684387
0,138,98697,1462973685112
0,139,99408,1462973685822
0,140,100118,1462973686532
0,141,100828,1462973687242
0,142,101538,1462973687952
0,143,102248,1462973688662
0,144,102958,1462973689373
0,145,103669,1462973690083
0,146,104380,1462973690794
0,147,105090,1462973691504
0,148,105801,1462973692215
0,149,106511,1462973692925
0,150,107221,1462973693635
0,151,107930,1462973694345
0,152,108641,1462973695056
0,153,109374,1462973695788
0,154,110103,1462973696517
0,155,110814,1462973697228
0,156,111524,1462973697938
0,157,112234,1462973698648
0,158,112946,1462973699361
0,159,113657,1462973700071
0,160,114370,1462973700784
0,161,115080,1462973701495
0,162,115790,1462973702204
0,163,116501,1462973702915
0,164,117211,1462973703625
0,165,117921,1462973704336
0,166,118632,1462973705046
0,167,119342,1462973705756
0,168,120052,1462973706466
0,169,120763,1462973707177
0,170,121488,1462973707902
0,171,122204,1462973708618
0,172,122915,1462973709329
0,173,123626,1462973710040
0,174,124337,1462973710751
0,175,125048,1462973711462
0,176,125758,1462973712172
0,177,126469,1462973712883
0,178,127180,1462973713594
0,179,127891,1462973714305
0,180,128602,1462973715016
0,181,129313,1462973715727
0,182,130025,1462973716440
0,183,130738,1462973717152
0,184,131449,1462973717863
0,185,132159,1462973718573
0,186,132870,1462973719284
0,187,133580,1462973719994
0,188,134291,1462973720705
0,189,135002,1462973721416
0,190,135714,1462973722128
0,191,136425,1462973722839
0,192,137136,1462973723550
0,193,137847,1462973724261
0,194,138559,1462973724973
0,195,139270,1462973725684
0,196,139981,1462973726396
0,197,140693,1462973727107
0,198,141404,1462973727819
0,199,142115,1462973728530
0,200,142827,1462973729241
0,201,143538,1462973729953
0,202,144250,1462973730664
0,203,144961,1462973731375
0,204,145673,1462973732087
0,205,146384,1462973732798
0,206,147095,1462973733509
0,207,147807,1462973734221
0,208,148518,1462973734932
0,209,149229,1462973735643
0,210,149940,1462973736354
0,211,150651,1462973737066
0,212,151363,1462973737777
0,213,152074,1462973738488
0,214,152785,1462973739200
0,215,153496,1462973739911
0,216,154208,1462973740622
0,217,154919,1462973741333
0,218,155630,1462973742044
0,219,156342,1462973742756
0,220,157055,1462973743469
0,221,157767,1462973744181
0,222,158478,1462973744893
0,223,159190,1462973745604
0,224,159902,1462973746316
0,225,160613,1462973747027
0,226,161325,1462973747739
0,227,162036,1462973748450
0,228,162747,1462973749162
0,229,163458,1462973749872
0,230,164170,1462973750584
0,231,164881,1462973751295
0,232,165592,1462973752006
0,233,166303,1462973752717
0,234,167014,1462973753428
0,235,167725,1462973754139
0,236,168428,1462973754843
0,237,169131,1462973755546
0,238,169834,1462973756249
0,239,170538,1462973756952
0,240,171241,1462973757655
0,241,171944,1462973758358
0,242,172647,1462973759061
0,243,173368,1462973759782
0,244,174079,1462973760494
0,245,174783,1462973761197
0,246,175486,1462973761900
0,247,176189,1462973762603
0,248,176892,1462973763306
0,249,177595,1462973764009
0,250,178299,1462973764713
0,251,179002,1462973765416
0,252,179705,1462973766119
0,253,180408,1462973766822
0,254,181111,1462973767525
0,255,181814,1462973768228
0,256,182517,1462973768931
0,257,183220,1462973769635
0,258,183924,1462973770338
0,259,184627,1462973771041
0,260,185330,1462973771744
0,261,186033,1462973772447
0,262,186736,1462973773150
0,263,187439,1462973773853
0,264,188142,1462973774556
0,265,188845,1462973775260
0,266,189550,1462973775964
0,267,190253,1462973776667
0,268,190956,1462973777371
0,269,191660,1462973778074
0,270,192363,1462973778777
0,271,193066,1462973779480
0,272,193769,1462973780183
0,273,194472,1462973780886
0,274,195175,1462973781589
0,275,195878,1462973782293
0,276,196582,1462973782996
0,277,197285,1462973783699
0,278,197988,1462973784402
0,279,198691,1462973785105
0,280,199394,1462973785808
0,281,200097,1462973786511
0,282,200800,1462973787215
0,283,201503,1462973787918
0,284,202207,1462973788621
0,285,202910,1462973789324
0,286,203613,1462973790027
0,287,204316,1462973790730
0,288,205019,1462973791433
0,289,205722,1462973792137
0,290,206425,1462973792840
0,291,207129,1462973793543
0,292,207832,1462973794246
0,293,208535,1462973794949
0,294,209238,1462973795653
0,295,209942,1462973796356
0,296,210645,1462973797059
0,297,211348,1462973797762
0,298,212051,1462973798465
0,299,212754,1462973799169
0,300,213458,1462973799872
0,301,214161,1462973800575
0,302,214864,1462973801278
0,303,215567,1462973801981
0,304,216270,1462973802684
0,305,216973,1462973803388
0,306,217677,1462973804091
0,307,218380,1462973804794
0,308,219083,1462973805497
0,309,219786,1462973806200
0,310,220489,1462973806903
0,311,221192,1462973807607
0,312,221895,1462973808310
0,313,222598,1462973809013
0,314,223302,1462973809716
0,315,224005,1462973810419
0,316,224708,1462973811122
0,317,225411,1462973811825
0,318,226114,1462973812529
0,319,226817,1462973813232
0,320,227521,1462973813935
0,321,228224,1462973814638
0,322,228927,1462973815341
0,323,229630,1462973816044
0,324,230333,1462973816747
0,325,231036,1462973817450
0,326,231739,1462973818154
0,327,232442,1462973818856
0,328,233145,1462973819560
0,329,233849,1462973820263
0,330,234552,1462973820966
0,331,235255,1462973821669
0,332,235958,1462973822372
0,333,236661,1462973823075
0,334,237364,1462973823778
0,335,238067,1462973824481
0,336,238770,1462973825185
0,337,239474,1462973825888
0,338,240177,1462973826591
0,339,240880,1462973827294
0,340,241583,1462973827997
0,341,242294,1462973828708
0,342,242999,1462973829413
0,343,243702,1462973830116
0,344,244405,1462973830819
0,345,245108,1462973831522
0,346,245811,1462973832225
0,347,246514,1462973832928
0,348,247217,1462973833631
0,349,247920,1462973834334
0,350,248623,1462973835037
0,351,249326,1462973835741
0,352,250030,1462973836444
0,353,250733,1462973837147
0,354,251436,1462973837850
0,355,252139,1462973838553
0,356,252842,1462973839257
0,357,253545,1462973839960
0,358,254249,1462973840663
0,359,254952,1462973841366
0,360,255655,1462973842069
0,361,256358,1462973842772
0,362,257061,1462973843475
0,363,257764,1462973844178
0,364,258467,1462973844881
0,365,259170,1462973845584
0,366,259873,1462973846288
0,367,260577,1462973846991
0,368,261280,1462973847694
0,369,261983,1462973848397
0,370,262686,1462973849100
0,371,263389,1462973849803
0,372,264092,1462973850506
0,373,264795,1462973851209
0,374,265498,1462973851912
0,375,266201,1462973852615
0,376,266904,1462973853318
0,377,267607,1462973854021
0,378,268310,1462973854724
0,379,269013,1462973855427
0,380,269716,1462973856130
0,381,270419,1462973856833
0,382,271122,1462973857536
0,383,271825,1462973858240
0,384,272528,1462973858943
0,385,273231,1462973859646
0,386,273934,1462973860349
0,387,274637,1462973861052
0,388,275341,1462973861755
0,389,276044,1462973862458
0,390,276747,1462973863161
0,391,277450,1462973863864
0,392,278153,1462973864567
0,393,278856,1462973865270
0,394,279559,1462973865973
0,395,280262,1462973866676
0,396,280965,1462973867379
0,397,281668,1462973868082
0,398,282371,1462973868785
0,399,283074,1462973869488
0,400,283777,1462973870191
0,401,284480,1462973870894
0,402,285190,1462973871605
0,403,285893,1462973872308
0,404,286599,1462973873013
0,405,287301,1462973873716
0,406,288005,1462973874419
0,407,288708,1462973875122
0,408,289411,1462973875825
0,409,290114,1462973876528
0,410,290817,1462973877231
0,411,291520,1462973877934
0,412,292223,1462973878637
0,413,292926,1462973879340
0,414,293629,1462973880043
0,415,294332,1462973880746
0,416,295035,1462973881450
0,417,295738,1462973882153
0,418,296441,1462973882856
0,419,297145,1462973883559
0,420,297848,1462973884262
0,421,298551,1462973884965
0,422,299254,1462973885668
0,423,299957,1462973886372
0,424,300660,1462973887075
0,425,301363,1462973887778
0,426,302066,1462973888481
0,427,302769,1462973889184
0,428,303472,1462973889887
0,429,304176,1462973890590
0,430,304879,1462973891293
0,431,305582,1462973891996
0,432,306286,1462973892700
0,433,306989,1462973893403
0,434,307692,1462973894106
0,435,308395,1462973894809
0,436,309098,1462973895513
0,437,309801,1462973896216
0,438,310505,1462973896919
0,439,311207,1462973897622
0,440,311911,1462973898325
0,441,312614,1462973899028
0,442,313317,1462973899731
0,443,314020,1462973900434
0,444,314723,1462973901137
0,445,315426,1462973901840
0,446,316129,1462973902543
0,447,316832,1462973903246
0,448,317535,1462973903950
0,449,318238,1462973904653
0,450,318941,1462973905356
0,451,319645,1462973906059
0,452,320348,1462973906762
0,453,321051,1462973907465
0,454,321754,1462973908168
0,455,322457,1462973908871
0,456,323160,1462973909574
0,457,323863,1462973910277
0,458,324566,1462973910980
0,459,325269,1462973911683
0,460,325972,1462973912386
0,461,326675,1462973913089
0,462,327378,1462973913792
0,463,328081,1462973914495
0,464,328784,1462973915198
0,465,329487,1462973915901
0,466,330190,1462973916604
0,467,330893,1462973917307
0,468,331596,1462973918010
0,469,332299,1462973918713
0,470,333002,1462973919416
0,471,333705,1462973920119
0,472,334408,1462973920822
0,473,335111,1462973921526
0,474,335814,1462973922229
0,475,336518,1462973922932
0,476,337221,1462973923635
0,477,337924,1462973924338
0,478,338627,1462973925041
0,479,339330,1462973925744
0,480,340033,1462973926447
0,481,340736,1462973927150
0,482,341439,1462973927853
0,483,342142,1462973928557
0,484,342845,1462973929260
0,485,343548,1462973929962
0,486,344252,1462973930666
0,487,344955,1462973931369
0,488,345657,1462973932072
0,489,346361,1462973932775
0,490,347064,1462973933478
0,491,347767,1462973934181
0,492,348487,1462973934902
0,493,349190,1462973935605
0,494,349893,1462973936308
0,495,350597,1462973937011
0,496,351299,1462973937714
0,497,352002,1462973938417
0,498,352706,1462973939120
0,499,353409,1462973939823
0,500,354112,1462973940526
0,501,354815,1462973941229
0,502,355518,1462973941932
0,503,356221,1462973942635
0,504,356924,1462973943338
0,505,357627,1462973944041
0,506,358333,1462973944747
0,507,359036,1462973945450
0,508,359739,1462973946153
0,509,360442,1462973946856
0,510,361145,1462973947559
0,511,361848,1462973948262
0,512,362551,1462973948965
0,513,363254,1462973949668
0,514,363957,1462973950371
0,515,364660,1462973951074
0,516,365363,1462973951777
0,517,366066,1462973952480
0,518,366769,1462973953183
0,519,367472,1462973953886
0,520,368175,1462973954589
0,521,368879,1462973955293
0,522,369582,1462973955996
0,523,370285,1462973956699
0,524,370988,1462973957402
0,525,371691,1462973958105
0,526,372394,1462973958809
0,527,373097,1462973959512
0,528,373800,1462973960215
0,529,374503,1462973960918
0,530,375206,1462973961621
0,531,375909,1462973962324
0,532,376612,1462973963027
0,533,377315,1462973963730
0,534,378018,1462973964432
0,535,378721,1462973965136
0,536,379424,1462973965838
0,537,380127,1462973966542
0,538,380830,1462973967245
0,539,381533,1462973967948
0,540,382236,1462973968650
0,541,382939,1462973969354
0,542,383642,1462973970057
0,543,384345,1462973970759
0,544,385048,1462973971463
0,545,385751,1462973972165
0,546,386454,1462973972868
0,547,387157,1462973973571
0,548,387860,1462973974274
0,549,388563,1462973974977
0,550,389266,1462973975681
0,551,389969,1462973976384
0,552,390676,1462973977090
0,553,391379,1462973977793
0,554,392082,1462973978496
0,555,392786,1462973979200
0,556,393489,1462973979903
0,557,394192,1462973980606
0,558,394895,1462973981309
0,559,395598,1462973982012
0,560,396301,1462973982715
0,561,397004,1462973983418
0,562,397707,1462973984121
0,563,398417,1462973984832
0,564,399121,1462973985535
0,565,399824,1462973986238
0,566,400527,1462973986941
0,567,401230,1462973987644
0,568,401933,1462973988347
0,569,402636,1462973989050
0,570,403339,1462973989753
0,571,404042,1462973990456
0,572,404745,1462973991159
0,573,405448,1462973991862
0,574,406151,1462973992565
0,575,406854,1462973993268
0,576,407557,1462973993971
0,577,408260,1462973994674
0,578,408963,1462973995377
0,579,409666,1462973996080
0,580,410369,1462973996784
0,581,411073,1462973997487
0,582,411776,1462973998190
0,583,412479,1462973998893
0,584,413182,1462973999596
0,585,413885,1462974000300
0,586,414588,1462974001003
0,587,415292,1462974001706
0,588,415995,1462974002409
0,589,416698,1462974003112
0,590,417401,1462974003815
0,591,418104,1462974004518
0,592,418807,1462974005221
0,593,419510,1462974005924
0,594,420213,1462974006627
0,595,420916,1462974007330
0,596,421619,1462974008033
0,597,422322,1462974008736
0,598,423025,1462974009439
0,599,423728,1462974010142
0,600,424431,1462974010845
0,601,425137,1462974011551
0,602,425847,1462974012261
0,603,426550,1462974012964
0,604,427252,1462974013667
0,605,427955,1462974014370
0,606,428658,1462974015072
0,607,429361,1462974015775
0,608,430064,1462974016478
0,609,430767,1462974017181
0,610,431469,1462974017884
0,611,432172,1462974018587
0,612,432875,1462974019289
0,613,433578,1462974019992
0,614,434281,1462974020695
0,615,434984,1462974021398
0,616,435686,1462974022101
0,617,436389,1462974022804
0,618,437450,1462974023864
